solveResult, pEnvyFree, solveElapsedTime, totalSolveElaspsedTime, |P|, |I|, fileNumber
4, 0, 0.0061, 0.0423, 1, 1, 1
4, 0, 0.006, 0.0482, 1, 2, 2
4, 0, 0.0053, 0.0535, 1, 3, 3
4, 0, 0.0053, 0.0588, 1, 4, 4
4, 0, 0.0052, 0.064, 1, 5, 5
4, 0, 0.0051, 0.0692, 1, 6, 6
4, 0, 0.0054, 0.0746, 1, 7, 7
4, 0, 0.0054, 0.08, 1, 8, 8
4, 0, 0.0052, 0.0852, 1, 9, 9
4, 0, 0.0054, 0.0906, 1, 10, 10
4, 0, 0.0059, 0.0966, 1, 11, 11
4, 0, 0.007, 0.1036, 1, 12, 12
4, 0, 0.0061, 0.1097, 1, 13, 13
4, 0, 0.0058, 0.1155, 1, 14, 14
4, 0, 0.0057, 0.1212, 1, 15, 15
4, 0, 0.0071, 0.1283, 1, 16, 16
4, 0, 0.006, 0.1343, 1, 17, 17
4, 0, 0.0058, 0.1401, 1, 18, 18
4, 0, 0.0055, 0.1455, 1, 19, 19
4, 0, 0.0058, 0.1513, 1, 20, 20
2, 0, 0.0065, 0.1578, 2, 1, 21
2, 0, 0.0119, 0.1697, 2, 2, 22
2, 0, 0.0119, 0.1815, 2, 3, 23
2, 0, 0.0117, 0.1933, 2, 4, 24
2, 0, 0.0134, 0.2067, 2, 5, 25
2, 0, 0.0152, 0.2219, 2, 6, 26
2, 0, 0.0123, 0.2342, 2, 7, 27
2, 0, 0.011, 0.2451, 2, 8, 28
2, 0, 0.0112, 0.2563, 2, 9, 29
2, 0, 0.0159, 0.2722, 2, 10, 30
2, 0, 0.0124, 0.2846, 2, 11, 31
2, 0, 0.0132, 0.2978, 2, 12, 32
2, 0, 0.0113, 0.3091, 2, 13, 33
2, 0, 0.0127, 0.3218, 2, 14, 34
2, 0, 0.0168, 0.3385, 2, 15, 35
2, 0, 0.0137, 0.3522, 2, 16, 36
2, 0, 0.0148, 0.3671, 2, 17, 37
2, 0, 0.014, 0.3811, 2, 18, 38
2, 0, 0.0113, 0.3924, 2, 19, 39
2, 0, 0.0145, 0.4068, 2, 20, 40
2, 0, 0.0071, 0.4139, 3, 1, 41
2, 0, 0.0065, 0.4204, 3, 2, 42
2, 0, 0.0135, 0.4339, 3, 3, 43
2, 0, 0.0135, 0.4474, 3, 4, 44
2, 0, 0.0145, 0.4619, 3, 5, 45
2, 0, 0.0184, 0.4803, 3, 6, 46
2, 0, 0.0116, 0.4919, 3, 7, 47
2, 0, 0.018, 0.5099, 3, 8, 48
2, 0, 0.0198, 0.5297, 3, 9, 49
2, 0, 0.0169, 0.5467, 3, 10, 50
2, 0, 0.0124, 0.5591, 3, 11, 51
2, 0, 0.0198, 0.5788, 3, 12, 52
2, 0, 0.0189, 0.5977, 3, 13, 53
2, 0, 0.0154, 0.6131, 3, 14, 54
2, 0, 0.0196, 0.6327, 3, 15, 55
2, 0, 0.0143, 0.6469, 3, 16, 56
2, 0, 0.0166, 0.6635, 3, 17, 57
2, 0, 0.0178, 0.6813, 3, 18, 58
2, 0, 0.0205, 0.7018, 3, 19, 59
2, 0, 0.0167, 0.7185, 3, 20, 60
2, 0, 0.0063, 0.7248, 4, 1, 61
2, 0, 0.0062, 0.731, 4, 2, 62
2, 0, 0.0064, 0.7374, 4, 3, 63
2, 0, 0.02, 0.7574, 4, 4, 64
2, 0, 0.0157, 0.7731, 4, 5, 65
2, 0, 0.024, 0.7971, 4, 6, 66
2, 0, 0.0161, 0.8132, 4, 7, 67
2, 0, 0.0187, 0.832, 4, 8, 68
2, 0, 0.0265, 0.8585, 4, 9, 69
2, 0, 0.0195, 0.878, 4, 10, 70
2, 0, 0.0141, 0.892, 4, 11, 71
2, 0, 0.0254, 0.9174, 4, 12, 72
2, 0, 0.0247, 0.9421, 4, 13, 73
2, 0, 0.0264, 0.9685, 4, 14, 74
2, 0, 0.0249, 0.9934, 4, 15, 75
2, 0, 0.0247, 1.018, 4, 16, 76
2, 0, 0.0258, 1.0438, 4, 17, 77
2, 0, 0.0246, 1.0684, 4, 18, 78
2, 0, 0.024, 1.0924, 4, 19, 79
2, 0, 0.027, 1.1194, 4, 20, 80
2, 0, 0.0063, 1.1257, 5, 1, 81
2, 0, 0.0065, 1.1322, 5, 2, 82
2, 0, 0.0065, 1.1387, 5, 3, 83
2, 0, 0.0073, 1.146, 5, 4, 84
2, 0, 0.0183, 1.1643, 5, 5, 85
2, 0, 0.0227, 1.187, 5, 6, 86
2, 0, 0.0257, 1.2126, 5, 7, 87
2, 0, 0.0295, 1.2421, 5, 8, 88
2, 0, 0.0253, 1.2674, 5, 9, 89
2, 0, 0.0243, 1.2917, 5, 10, 90
2, 0, 0.029, 1.3207, 5, 11, 91
2, 0, 0.035, 1.3557, 5, 12, 92
2, 0, 0.0193, 1.3751, 5, 13, 93
2, 0, 0.0405, 1.4156, 5, 14, 94
2, 0, 0.028, 1.4436, 5, 15, 95
2, 0, 0.029, 1.4726, 5, 16, 96
2, 0, 0.0334, 1.506, 5, 17, 97
2, 0, 0.0402, 1.5462, 5, 18, 98
2, 0, 0.0306, 1.5768, 5, 19, 99
2, 0, 0.0276, 1.6044, 5, 20, 100
2, 0, 0.0061, 1.6105, 6, 1, 101
2, 0, 0.0065, 1.6169, 6, 2, 102
2, 0, 0.0067, 1.6236, 6, 3, 103
2, 0, 0.0065, 1.6301, 6, 4, 104
2, 0, 0.0073, 1.6374, 6, 5, 105
2, 0, 0.0248, 1.6622, 6, 6, 106
2, 0, 0.0313, 1.6935, 6, 7, 107
2, 0, 0.0243, 1.7177, 6, 8, 108
2, 0, 0.0272, 1.745, 6, 9, 109
2, 0, 0.0274, 1.7723, 6, 10, 110
2, 0, 0.0372, 1.8095, 6, 11, 111
2, 0, 0.0462, 1.8557, 6, 12, 112
2, 0, 0.0405, 1.8962, 6, 13, 113
2, 0, 0.0377, 1.9338, 6, 14, 114
2, 0, 0.0453, 1.9791, 6, 15, 115
2, 0, 0.0322, 2.0113, 6, 16, 116
2, 0, 0.0513, 2.0626, 6, 17, 117
2, 0, 0.0532, 2.1158, 6, 18, 118
2, 0, 0.0551, 2.1709, 6, 19, 119
2, 0, 0.0376, 2.2085, 6, 20, 120
2, 0, 0.0061, 2.2146, 7, 1, 121
2, 0, 0.0062, 2.2207, 7, 2, 122
2, 0, 0.0064, 2.2272, 7, 3, 123
2, 0, 0.0081, 2.2353, 7, 4, 124
2, 0, 0.0077, 2.243, 7, 5, 125
2, 0, 0.0078, 2.2508, 7, 6, 126
2, 0, 0.0279, 2.2787, 7, 7, 127
2, 0, 0.034, 2.3127, 7, 8, 128
2, 0, 0.0312, 2.3439, 7, 9, 129
2, 0, 0.0254, 2.3694, 7, 10, 130
2, 0, 0.0357, 2.405, 7, 11, 131
2, 0, 0.0406, 2.4456, 7, 12, 132
2, 0, 0.0311, 2.4768, 7, 13, 133
2, 0, 0.0335, 2.5103, 7, 14, 134
2, 0, 0.0361, 2.5464, 7, 15, 135
2, 0, 0.0442, 2.5906, 7, 16, 136
2, 0, 0.0456, 2.6362, 7, 17, 137
2, 0, 0.0527, 2.6889, 7, 18, 138
2, 0, 0.0471, 2.736, 7, 19, 139
2, 0, 0.0572, 2.7932, 7, 20, 140
2, 0, 0.0077, 2.8009, 8, 1, 141
2, 0, 0.0072, 2.8081, 8, 2, 142
2, 0, 0.0071, 2.8152, 8, 3, 143
2, 0, 0.0086, 2.8238, 8, 4, 144
2, 0, 0.008, 2.8318, 8, 5, 145
2, 0, 0.0081, 2.8399, 8, 6, 146
2, 0, 0.0087, 2.8487, 8, 7, 147
2, 0, 0.036, 2.8847, 8, 8, 148
2, 0, 0.0307, 2.9153, 8, 9, 149
2, 0, 0.039, 2.9544, 8, 10, 150
2, 0, 0.0334, 2.9877, 8, 11, 151
2, 0, 0.0611, 3.0488, 8, 12, 152
2, 0, 0.0352, 3.084, 8, 13, 153
2, 0, 0.0449, 3.1289, 8, 14, 154
2, 0, 0.0629, 3.1918, 8, 15, 155
2, 0, 0.0637, 3.2556, 8, 16, 156
2, 0, 0.0546, 3.3102, 8, 17, 157
2, 0, 0.0866, 3.3968, 8, 18, 158
2, 0, 0.0833, 3.4801, 8, 19, 159
2, 0, 0.0825, 3.5627, 8, 20, 160
2, 0, 0.0064, 3.5691, 9, 1, 161
2, 0, 0.0065, 3.5756, 9, 2, 162
2, 0, 0.0066, 3.5822, 9, 3, 163
2, 0, 0.0069, 3.5891, 9, 4, 164
2, 0, 0.0074, 3.5965, 9, 5, 165
2, 0, 0.0089, 3.6054, 9, 6, 166
2, 0, 0.0083, 3.6137, 9, 7, 167
2, 0, 0.0088, 3.6225, 9, 8, 168
2, 0, 0.0506, 3.6731, 9, 9, 169
2, 0, 0.0362, 3.7093, 9, 10, 170
2, 0, 0.0452, 3.7545, 9, 11, 171
2, 0, 0.0333, 3.7877, 9, 12, 172
2, 0, 0.0885, 3.8762, 9, 13, 173
2, 0, 0.053, 3.9292, 9, 14, 174
2, 0, 0.0639, 3.9931, 9, 15, 175
2, 0, 0.0984, 4.0915, 9, 16, 176
2, 0, 0.0656, 4.1571, 9, 17, 177
2, 0, 0.0867, 4.2438, 9, 18, 178
2, 0, 0.1383, 4.382, 9, 19, 179
2, 0, 0.0858, 4.4679, 9, 20, 180
2, 0, 0.0066, 4.4744, 10, 1, 181
2, 0, 0.0064, 4.4808, 10, 2, 182
2, 0, 0.0068, 4.4877, 10, 3, 183
2, 0, 0.0073, 4.495, 10, 4, 184
2, 0, 0.0079, 4.5029, 10, 5, 185
2, 0, 0.0089, 4.5119, 10, 6, 186
2, 0, 0.0097, 4.5215, 10, 7, 187
2, 0, 0.0101, 4.5317, 10, 8, 188
2, 0, 0.0103, 4.542, 10, 9, 189
2, 0, 0.0645, 4.6065, 10, 10, 190
2, 0, 0.0574, 4.6639, 10, 11, 191
2, 0, 0.0866, 4.7505, 10, 12, 192
2, 0, 0.0416, 4.7922, 10, 13, 193
2, 0, 0.0668, 4.859, 10, 14, 194
2, 0, 0.0688, 4.9278, 10, 15, 195
2, 0, 0.1237, 5.0515, 10, 16, 196
2, 0, 0.0824, 5.1339, 10, 17, 197
2, 0, 0.0846, 5.2185, 10, 18, 198
2, 0, 0.1298, 5.3483, 10, 19, 199
2, 0, 0.1064, 5.4547, 10, 20, 200
2, 0, 0.0069, 5.4616, 11, 1, 201
2, 0, 0.0071, 5.4687, 11, 2, 202
2, 0, 0.0075, 5.4762, 11, 3, 203
2, 0, 0.0079, 5.4841, 11, 4, 204
2, 0, 0.0083, 5.4924, 11, 5, 205
2, 0, 0.0093, 5.5017, 11, 6, 206
2, 0, 0.0099, 5.5116, 11, 7, 207
2, 0, 0.0104, 5.522, 11, 8, 208
2, 0, 0.0108, 5.5328, 11, 9, 209
2, 0, 0.0117, 5.5445, 11, 10, 210
2, 0, 0.0704, 5.6149, 11, 11, 211
2, 0, 0.1035, 5.7184, 11, 12, 212
2, 0, 0.0789, 5.7973, 11, 13, 213
2, 0, 0.0864, 5.8837, 11, 14, 214
2, 0, 0.0755, 5.9592, 11, 15, 215
2, 0, 0.0817, 6.0409, 11, 16, 216
2, 0, 0.0684, 6.1093, 11, 17, 217
2, 0, 0.1382, 6.2474, 11, 18, 218
2, 0, 0.1621, 6.4095, 11, 19, 219
2, 0, 0.1562, 6.5657, 11, 20, 220
2, 0, 0.007, 6.5727, 12, 1, 221
2, 0, 0.0077, 6.5804, 12, 2, 222
2, 0, 0.0079, 6.5883, 12, 3, 223
2, 0, 0.0086, 6.5969, 12, 4, 224
2, 0, 0.0097, 6.6067, 12, 5, 225
2, 0, 0.0098, 6.6164, 12, 6, 226
2, 0, 0.0112, 6.6276, 12, 7, 227
2, 0, 0.0115, 6.6391, 12, 8, 228
2, 0, 0.0119, 6.651, 12, 9, 229
2, 0, 0.0122, 6.6632, 12, 10, 230
2, 0, 0.0134, 6.6766, 12, 11, 231
2, 0, 0.0763, 6.7529, 12, 12, 232
2, 0, 0.0727, 6.8256, 12, 13, 233
2, 0, 0.0938, 6.9193, 12, 14, 234
2, 0, 0.0776, 6.9969, 12, 15, 235
2, 0, 0.1192, 7.1161, 12, 16, 236
2, 0, 0.1334, 7.2496, 12, 17, 237
2, 0, 0.1738, 7.4234, 12, 18, 238
2, 0, 0.1153, 7.5387, 12, 19, 239
2, 0, 0.1737, 7.7125, 12, 20, 240
2, 0, 0.0072, 7.7197, 13, 1, 241
2, 0, 0.0074, 7.7271, 13, 2, 242
2, 0, 0.0083, 7.7354, 13, 3, 243
2, 0, 0.0089, 7.7442, 13, 4, 244
2, 0, 0.0102, 7.7544, 13, 5, 245
2, 0, 0.0104, 7.7649, 13, 6, 246
2, 0, 0.0118, 7.7767, 13, 7, 247
2, 0, 0.0126, 7.7892, 13, 8, 248
2, 0, 0.0125, 7.8017, 13, 9, 249
2, 0, 0.0137, 7.8155, 13, 10, 250
2, 0, 0.015, 7.8304, 13, 11, 251
2, 0, 0.0156, 7.8461, 13, 12, 252
2, 0, 0.1174, 7.9635, 13, 13, 253
2, 0, 0.0911, 8.0545, 13, 14, 254
2, 0, 0.1014, 8.1559, 13, 15, 255
2, 0, 0.1064, 8.2623, 13, 16, 256
2, 0, 0.1415, 8.4038, 13, 17, 257
2, 0, 0.1405, 8.5444, 13, 18, 258
2, 0, 0.1273, 8.6717, 13, 19, 259
2, 0, 0.1727, 8.8445, 13, 20, 260
2, 0, 0.0078, 8.8522, 14, 1, 261
2, 0, 0.0076, 8.8598, 14, 2, 262
2, 0, 0.0084, 8.8682, 14, 3, 263
2, 0, 0.0093, 8.8775, 14, 4, 264
2, 0, 0.0099, 8.8874, 14, 5, 265
2, 0, 0.0113, 8.8987, 14, 6, 266
2, 0, 0.0119, 8.9106, 14, 7, 267
2, 0, 0.0128, 8.9234, 14, 8, 268
2, 0, 0.0136, 8.937, 14, 9, 269
2, 0, 0.0148, 8.9518, 14, 10, 270
2, 0, 0.0154, 8.9673, 14, 11, 271
2, 0, 0.0165, 8.9837, 14, 12, 272
2, 0, 0.0176, 9.0014, 14, 13, 273
2, 0, 0.1544, 9.1558, 14, 14, 274
2, 0, 0.1076, 9.2634, 14, 15, 275
2, 0, 0.1214, 9.3848, 14, 16, 276
2, 0, 0.0861, 9.4708, 14, 17, 277
2, 0, 0.1222, 9.593, 14, 18, 278
2, 0, 0.132, 9.7251, 14, 19, 279
2, 0, 0.1878, 9.9129, 14, 20, 280
2, 0, 0.0075, 9.9204, 15, 1, 281
2, 0, 0.0081, 9.9284, 15, 2, 282
2, 0, 0.0087, 9.9371, 15, 3, 283
2, 0, 0.0103, 9.9474, 15, 4, 284
2, 0, 0.0101, 9.9576, 15, 5, 285
2, 0, 0.0116, 9.9691, 15, 6, 286
2, 0, 0.0123, 9.9814, 15, 7, 287
2, 0, 0.0136, 9.995, 15, 8, 288
2, 0, 0.0148, 10.0099, 15, 9, 289
2, 0, 0.0153, 10.0252, 15, 10, 290
2, 0, 0.0166, 10.0418, 15, 11, 291
2, 0, 0.0179, 10.0596, 15, 12, 292
2, 0, 0.0194, 10.079, 15, 13, 293
2, 0, 0.0202, 10.0992, 15, 14, 294
2, 0, 0.1307, 10.2299, 15, 15, 295
2, 0, 0.129, 10.359, 15, 16, 296
2, 0, 0.1386, 10.4976, 15, 17, 297
2, 0, 0.1245, 10.6221, 15, 18, 298
2, 0, 0.1836, 10.8057, 15, 19, 299
2, 0, 0.2312, 11.0369, 15, 20, 300
2, 0, 0.0079, 11.0448, 16, 1, 301
2, 0, 0.0083, 11.0532, 16, 2, 302
2, 0, 0.0089, 11.062, 16, 3, 303
2, 0, 0.0098, 11.0719, 16, 4, 304
2, 0, 0.0115, 11.0834, 16, 5, 305
2, 0, 0.0123, 11.0956, 16, 6, 306
2, 0, 0.0134, 11.109, 16, 7, 307
2, 0, 0.0145, 11.1235, 16, 8, 308
2, 0, 0.0164, 11.1399, 16, 9, 309
2, 0, 0.0165, 11.1564, 16, 10, 310
2, 0, 0.0179, 11.1743, 16, 11, 311
2, 0, 0.0192, 11.1935, 16, 12, 312
2, 0, 0.0166, 11.21, 16, 13, 313
2, 0, 0.0221, 11.2321, 16, 14, 314
2, 0, 0.0237, 11.2558, 16, 15, 315
2, 0, 0.1589, 11.4147, 16, 16, 316
2, 0, 0.1704, 11.5851, 16, 17, 317
2, 0, 0.1952, 11.7803, 16, 18, 318
2, 0, 0.1221, 11.9024, 16, 19, 319
2, 0, 0.1956, 12.098, 16, 20, 320
2, 0, 0.0084, 12.1064, 17, 1, 321
2, 0, 0.0085, 12.1149, 17, 2, 322
2, 0, 0.0092, 12.1241, 17, 3, 323
2, 0, 0.0104, 12.1345, 17, 4, 324
2, 0, 0.0122, 12.1467, 17, 5, 325
2, 0, 0.0125, 12.1592, 17, 6, 326
2, 0, 0.0154, 12.1746, 17, 7, 327
2, 0, 0.0156, 12.1902, 17, 8, 328
2, 0, 0.0162, 12.2065, 17, 9, 329
2, 0, 0.018, 12.2245, 17, 10, 330
2, 0, 0.0207, 12.2452, 17, 11, 331
2, 0, 0.0208, 12.266, 17, 12, 332
2, 0, 0.0222, 12.2882, 17, 13, 333
2, 0, 0.0239, 12.3121, 17, 14, 334
2, 0, 0.0259, 12.338, 17, 15, 335
2, 0, 0.028, 12.3659, 17, 16, 336
2, 0, 0.1775, 12.5434, 17, 17, 337
2, 0, 0.1734, 12.7168, 17, 18, 338
2, 0, 0.1896, 12.9064, 17, 19, 339
2, 0, 0.2246, 13.131, 17, 20, 340
2, 0, 0.009, 13.14, 18, 1, 341
2, 0, 0.0087, 13.1487, 18, 2, 342
2, 0, 0.0091, 13.1578, 18, 3, 343
2, 0, 0.0119, 13.1697, 18, 4, 344
2, 0, 0.0128, 13.1825, 18, 5, 345
2, 0, 0.013, 13.1955, 18, 6, 346
2, 0, 0.0153, 13.2107, 18, 7, 347
2, 0, 0.0162, 13.2269, 18, 8, 348
2, 0, 0.0174, 13.2443, 18, 9, 349
2, 0, 0.0189, 13.2632, 18, 10, 350
2, 0, 0.0205, 13.2837, 18, 11, 351
2, 0, 0.0222, 13.3059, 18, 12, 352
2, 0, 0.024, 13.33, 18, 13, 353
2, 0, 0.0261, 13.3561, 18, 14, 354
2, 0, 0.0283, 13.3844, 18, 15, 355
2, 0, 0.0313, 13.4157, 18, 16, 356
2, 0, 0.0328, 13.4486, 18, 17, 357
2, 0, 0.1853, 13.6339, 18, 18, 358
2, 0, 0.1912, 13.825, 18, 19, 359
2, 0, 0.2175, 14.0425, 18, 20, 360
2, 0, 0.0102, 14.0526, 19, 1, 361
2, 0, 0.0088, 14.0615, 19, 2, 362
2, 0, 0.0096, 14.0711, 19, 3, 363
2, 0, 0.0126, 14.0837, 19, 4, 364
2, 0, 0.0127, 14.0964, 19, 5, 365
2, 0, 0.0138, 14.1102, 19, 6, 366
2, 0, 0.0162, 14.1264, 19, 7, 367
2, 0, 0.0177, 14.1441, 19, 8, 368
2, 0, 0.0186, 14.1626, 19, 9, 369
2, 0, 0.0203, 14.1829, 19, 10, 370
2, 0, 0.0219, 14.2049, 19, 11, 371
2, 0, 0.0248, 14.2296, 19, 12, 372
2, 0, 0.0261, 14.2557, 19, 13, 373
2, 0, 0.0281, 14.2838, 19, 14, 374
2, 0, 0.0305, 14.3143, 19, 15, 375
2, 0, 0.0331, 14.3473, 19, 16, 376
2, 0, 0.0356, 14.3829, 19, 17, 377
2, 0, 0.0381, 14.421, 19, 18, 378
2, 0, 0.196, 14.617, 19, 19, 379
2, 0, 0.3188, 14.9358, 19, 20, 380
2, 0, 0.01, 14.9458, 20, 1, 381
2, 0, 0.009, 14.9548, 20, 2, 382
2, 0, 0.0104, 14.9652, 20, 3, 383
2, 0, 0.0118, 14.977, 20, 4, 384
2, 0, 0.0141, 14.991, 20, 5, 385
2, 0, 0.0151, 15.0061, 20, 6, 386
2, 0, 0.0164, 15.0226, 20, 7, 387
2, 0, 0.018, 15.0405, 20, 8, 388
2, 0, 0.0196, 15.0601, 20, 9, 389
2, 0, 0.0214, 15.0815, 20, 10, 390
2, 0, 0.0234, 15.1049, 20, 11, 391
2, 0, 0.0255, 15.1304, 20, 12, 392
2, 0, 0.0279, 15.1583, 20, 13, 393
2, 0, 0.0302, 15.1885, 20, 14, 394
2, 0, 0.0329, 15.2215, 20, 15, 395
2, 0, 0.0357, 15.2572, 20, 16, 396
2, 0, 0.0386, 15.2957, 20, 17, 397
2, 0, 0.0414, 15.3371, 20, 18, 398
2, 0, 0.0456, 15.3827, 20, 19, 399
2, 0, 0.229, 15.6117, 20, 20, 400
