set P := 1 2 3 4 5 6 7 8 9 10;

set I := 1 2 3 4 5 6 7 8 9 10;

param 
v [*,*]
:      1        2        3        4        5        6        7        8      :=
1    0.4191   0.4605   0.2039   0.646    0.4301   0.1738   0.5505   0.9788
2    0.7773   0.8105   0.2532   0.7981   0.9008   0.7245   0.6294   0.0591
3    0.8086   0.2007   0.8729   0.7207   0.3428   0.6515   0.2696   0.3651
4    0.2131   0.1611   0.3977   0.2031   0.947    0.5546   0.0881   0.0228
5    0.4953   0.2219   0.8578   0.5028   0.1095   0.9001   0.0839   0.2576
6    0.7405   0.2771   0.0746   0.0213   0.9569   0.3503   0.572    0.8376
7    0.4133   0.6238   0.0205   0.5676   0.4723   0.7063   0.1989   0.331
8    0.7312   0.6769   0.5879   0.3779   0.8055   0.0885   0.3711   0.059
9    0.1414   0.1176   0.1443   0.5621   0.9967   0.3518   0.0415   0.7887
10   0.9272   0.441    0.0744   0.485    0.5772   0.9971   0.0447   0.8888

:      9        10      :=
1    0.1079   0.4573
2    0.5292   0.8059
3    0.8013   0.7087
4    0.9431   0.21
5    0.0047   0.1223
6    0.251    0.3099
7    0.2097   0.5951
8    0.037    0.6718
9    0.7593   0.998
10   0.5217   0.7391
;

