set P := 1 2 3 4 5 6 7;

set I := 1 2 3 4 5 6;

param 
v [*,*]
:     1        2        3        4        5        6       :=
1   0.5502   0.2236   0.5278   0.4223   0.865    0.7749
2   0.7973   0.9021   0.6467   0.4511   0.3958   0.6385
3   0.0255   0.3777   0.3477   0.1639   0.5029   0.0064
4   0.3239   0.6335   0.3139   0.3307   0.1858   0.7162
5   0.5565   0.3948   0.7531   0.3093   0.2541   0.4293
6   0.2529   0.9201   0.7195   0.107    0.5601   0.3646
7   0.5245   0.2342   0.1977   0.8019   0.8086   0.5609
;

