set P := 1 2 3 4 5 6 7 8 9;

set I := 1 2 3 4 5 6 7 8 9;

param 
v [*,*]
:     1        2        3        4        5        6        7        8       :=
1   0.7225   0.7958   0.012    0.4808   0.079    0.8492   0.9415   0.7489
2   0.8722   0.7697   0.8997   0.1712   0.8542   0.9195   0.2287   0.1682
3   0.6726   0.9507   0.5111   0.5004   0.921    0.2902   0.9225   0.9042
4   0.8663   0.2164   0.191    0.8693   0.5941   0.0246   0.0591   0.1044
5   0.8282   0.4145   0.6054   0.0097   0.6563   0.9518   0.055    0.6863
6   0.9763   0.1252   0.6808   0.2956   0.0922   0.243    0.6226   0.2868
7   0.924    0.1244   0.0231   0.3463   0.4246   0.1029   0.2479   0.922
8   0.2925   0.2991   0.6036   0.2485   0.4786   0.0072   0.9452   0.9385
9   0.9833   0.2339   0.8776   0.0204   0.2849   0.1673   0.6523   0.939

:     9       :=
1   0.2083
2   0.7758
3   0.5646
4   0.0682
5   0.906
6   0.7055
7   0.1777
8   0.7024
9   0.4441
;

