set P := 1 2 3 4 5 6 7 8 9;

set I := 1 2 3 4 5 6 7 8 9 10;

param 
v [*,*] (tr)
:      1        2        3        4        5        6        7        8      :=
1    0.3753   0.7942   0.9946   0.6174   0.0049   0.6654   0.2789   0.9275
2    0.5616   0.6723   0.4224   0.8328   0.9823   0.3098   0.5034   0.9387
3    0.509    0.2941   0.0683   0.2927   0.9541   0.5011   0.4562   0.3033
4    0.3772   0.767    0.6217   0.9081   0.8491   0.0354   0.3118   0.6985
5    0.3349   0.417    0.4512   0.0396   0.0433   0.9418   0.4738   0.4341
6    0.2962   0.0783   0.8798   0.9452   0.3044   0.0154   0.8333   0.7625
7    0.7925   0.0266   0.9796   0.7422   0.4787   0.4545   0.5498   0.7641
8    0.4276   0.194    0.0855   0.0449   0.8078   0.882    0.6592   0.4831
9    0.2167   0.1483   0.0215   0.8657   0.0744   0.7339   0.1051   0.9778
10   0.8981   0.3142   0.3515   0.1497   0.2375   0.6024   0.6931   0.8055

:      9       :=
1    0.7986
2    0.5029
3    0.41
4    0.7032
5    0.225
6    0.3088
7    0.0708
8    0.417
9    0.8987
10   0.3727
;

