solveResult, pEnvyFree, solveElapsedTime, totalSolveElaspsedTime, |P|, |I|, cash,  fileNumber
4, 0, 0.0063, 0.0063, 1, 1, 50, 1
4, 0, 0.0066, 0.0129, 1, 1, 100, 1
4, 0, 0.0073, 0.0203, 1, 1, 150, 1
4, 0, 0.0103, 0.0306, 1, 1, 200, 1
4, 0, 0.0109, 0.0415, 1, 1, 250, 1
4, 0, 0.0077, 0.0491, 1, 1, 300, 1
4, 0, 0.0052, 0.0543, 1, 1, 400, 1
4, 0, 0.0048, 0.0591, 1, 1, 600, 1
4, 0, 0.0061, 0.0652, 1, 1, 800, 1
4, 0, 0.007, 0.0723, 1, 2, 50, 2
4, 0, 0.0067, 0.079, 1, 2, 100, 2
4, 0, 0.0065, 0.0855, 1, 2, 150, 2
4, 0, 0.0056, 0.0911, 1, 2, 200, 2
4, 0, 0.0074, 0.0985, 1, 2, 250, 2
4, 0, 0.0064, 0.1049, 1, 2, 300, 2
4, 0, 0.0081, 0.1131, 1, 2, 400, 2
4, 0, 0.0063, 0.1194, 1, 2, 600, 2
4, 0, 0.006, 0.1254, 1, 2, 800, 2
4, 0, 0.0085, 0.1339, 1, 3, 50, 3
4, 0, 0.0069, 0.1408, 1, 3, 100, 3
4, 0, 0.0067, 0.1475, 1, 3, 150, 3
4, 0, 0.0066, 0.1541, 1, 3, 200, 3
4, 0, 0.006, 0.1602, 1, 3, 250, 3
4, 0, 0.0051, 0.1653, 1, 3, 300, 3
4, 0, 0.0055, 0.1709, 1, 3, 400, 3
4, 0, 0.0054, 0.1762, 1, 3, 600, 3
4, 0, 0.0071, 0.1833, 1, 3, 800, 3
4, 0, 0.0057, 0.1891, 1, 4, 50, 4
4, 0, 0.0082, 0.1973, 1, 4, 100, 4
4, 0, 0.0066, 0.2038, 1, 4, 150, 4
4, 0, 0.007, 0.2109, 1, 4, 200, 4
4, 0, 0.0088, 0.2196, 1, 4, 250, 4
4, 0, 0.0064, 0.2261, 1, 4, 300, 4
4, 0, 0.0074, 0.2335, 1, 4, 400, 4
4, 0, 0.0062, 0.2397, 1, 4, 600, 4
4, 0, 0.0064, 0.2461, 1, 4, 800, 4
4, 0, 0.007, 0.2531, 1, 5, 50, 5
4, 0, 0.0052, 0.2583, 1, 5, 100, 5
4, 0, 0.0076, 0.266, 1, 5, 150, 5
4, 0, 0.006, 0.272, 1, 5, 200, 5
4, 0, 0.0058, 0.2777, 1, 5, 250, 5
4, 0, 0.0068, 0.2846, 1, 5, 300, 5
4, 0, 0.0066, 0.2912, 1, 5, 400, 5
4, 0, 0.0127, 0.3039, 1, 5, 600, 5
4, 0, 0.0092, 0.3131, 1, 5, 800, 5
4, 0, 0.0071, 0.3202, 1, 6, 50, 6
4, 0, 0.0054, 0.3256, 1, 6, 100, 6
4, 0, 0.0057, 0.3313, 1, 6, 150, 6
4, 0, 0.0053, 0.3367, 1, 6, 200, 6
4, 0, 0.0055, 0.3421, 1, 6, 250, 6
4, 0, 0.0073, 0.3494, 1, 6, 300, 6
4, 0, 0.0065, 0.3559, 1, 6, 400, 6
4, 0, 0.0064, 0.3622, 1, 6, 600, 6
4, 0, 0.0086, 0.3708, 1, 6, 800, 6
4, 0, 0.0069, 0.3777, 1, 7, 50, 7
4, 0, 0.0087, 0.3865, 1, 7, 100, 7
4, 0, 0.0096, 0.3961, 1, 7, 150, 7
4, 0, 0.008, 0.4041, 1, 7, 200, 7
4, 0, 0.0057, 0.4098, 1, 7, 250, 7
4, 0, 0.0062, 0.416, 1, 7, 300, 7
4, 0, 0.0059, 0.4219, 1, 7, 400, 7
4, 0, 0.0058, 0.4277, 1, 7, 600, 7
4, 0, 0.006, 0.4336, 1, 7, 800, 7
4, 0, 0.0056, 0.4392, 1, 8, 50, 8
4, 0, 0.0053, 0.4445, 1, 8, 100, 8
4, 0, 0.0054, 0.4499, 1, 8, 150, 8
4, 0, 0.0053, 0.4552, 1, 8, 200, 8
4, 0, 0.0093, 0.4645, 1, 8, 250, 8
4, 0, 0.0075, 0.472, 1, 8, 300, 8
4, 0, 0.0071, 0.4791, 1, 8, 400, 8
4, 0, 0.0075, 0.4866, 1, 8, 600, 8
4, 0, 0.006, 0.4926, 1, 8, 800, 8
4, 0, 0.0064, 0.499, 1, 9, 50, 9
4, 0, 0.0054, 0.5044, 1, 9, 100, 9
4, 0, 0.0054, 0.5098, 1, 9, 150, 9
4, 0, 0.0057, 0.5155, 1, 9, 200, 9
4, 0, 0.0064, 0.5219, 1, 9, 250, 9
4, 0, 0.0053, 0.5272, 1, 9, 300, 9
4, 0, 0.0065, 0.5337, 1, 9, 400, 9
4, 0, 0.0067, 0.5405, 1, 9, 600, 9
4, 0, 0.0064, 0.5469, 1, 9, 800, 9
4, 0, 0.008, 0.5548, 1, 10, 50, 10
4, 0, 0.006, 0.5608, 1, 10, 100, 10
4, 0, 0.0072, 0.568, 1, 10, 150, 10
4, 0, 0.0063, 0.5744, 1, 10, 200, 10
4, 0, 0.0067, 0.581, 1, 10, 250, 10
4, 0, 0.0061, 0.5871, 1, 10, 300, 10
4, 0, 0.0061, 0.5932, 1, 10, 400, 10
4, 0, 0.0053, 0.5985, 1, 10, 600, 10
4, 0, 0.0074, 0.606, 1, 10, 800, 10
4, 0, 0.0058, 0.6117, 1, 11, 50, 11
4, 0, 0.0054, 0.6172, 1, 11, 100, 11
4, 0, 0.0054, 0.6226, 1, 11, 150, 11
4, 0, 0.0049, 0.6275, 1, 11, 200, 11
4, 0, 0.0071, 0.6347, 1, 11, 250, 11
4, 0, 0.0091, 0.6438, 1, 11, 300, 11
4, 0, 0.0069, 0.6507, 1, 11, 400, 11
4, 0, 0.0075, 0.6582, 1, 11, 600, 11
4, 0, 0.0071, 0.6654, 1, 11, 800, 11
2, 0.8216, 0.0106, 0.676, 2, 1, 50, 21
2, 0.6723, 0.0098, 0.6858, 2, 1, 100, 21
2, 0.5457, 0.0119, 0.6976, 2, 1, 150, 21
2, 0.4369, 0.0141, 0.7118, 2, 1, 200, 21
2, 0.3425, 0.0101, 0.7218, 2, 1, 250, 21
2, 0.2596, 0.0126, 0.7344, 2, 1, 300, 21
2, 0.1213, 0.0106, 0.745, 2, 1, 400, 21
2, 0, 0.0115, 0.7565, 2, 1, 600, 21
2, 0, 0.0091, 0.7656, 2, 1, 800, 21
2, 0, 0.0086, 0.7742, 2, 2, 50, 22
2, 0, 0.0087, 0.7829, 2, 2, 100, 22
2, 0, 0.0088, 0.7917, 2, 2, 150, 22
2, 0, 0.0094, 0.8011, 2, 2, 200, 22
2, 0, 0.0073, 0.8084, 2, 2, 250, 22
2, 0, 0.0087, 0.8171, 2, 2, 300, 22
2, 0, 0.014, 0.8311, 2, 2, 400, 22
2, 0, 0.0169, 0.848, 2, 2, 600, 22
2, 0, 0.0118, 0.8598, 2, 2, 800, 22
2, 0.0155, 0.0139, 0.8738, 2, 3, 50, 23
2, 0, 0.011, 0.8848, 2, 3, 100, 23
2, 0, 0.0086, 0.8934, 2, 3, 150, 23
2, 0, 0.0123, 0.9057, 2, 3, 200, 23
2, 0, 0.0103, 0.916, 2, 3, 250, 23
2, 0, 0.0115, 0.9275, 2, 3, 300, 23
2, 0, 0.0108, 0.9384, 2, 3, 400, 23
2, 0, 0.0136, 0.952, 2, 3, 600, 23
2, 0, 0.0092, 0.9612, 2, 3, 800, 23
2, 0, 0.0093, 0.9705, 2, 4, 50, 24
2, 0, 0.0103, 0.9808, 2, 4, 100, 24
2, 0, 0.0076, 0.9884, 2, 4, 150, 24
2, 0, 0.0094, 0.9978, 2, 4, 200, 24
2, 0, 0.0121, 1.0099, 2, 4, 250, 24
2, 0, 0.013, 1.0229, 2, 4, 300, 24
2, 0, 0.0137, 1.0365, 2, 4, 400, 24
2, 0, 0.0214, 1.058, 2, 4, 600, 24
2, 0, 0.0124, 1.0704, 2, 4, 800, 24
2, 0, 0.012, 1.0824, 2, 5, 50, 25
2, 0, 0.0135, 1.0959, 2, 5, 100, 25
2, 0, 0.0131, 1.109, 2, 5, 150, 25
2, 0, 0.0211, 1.13, 2, 5, 200, 25
2, 0, 0.0095, 1.1395, 2, 5, 250, 25
2, 0, 0.0097, 1.1492, 2, 5, 300, 25
2, 0, 0.0092, 1.1584, 2, 5, 400, 25
2, 0, 0.0091, 1.1674, 2, 5, 600, 25
2, 0, 0.0102, 1.1777, 2, 5, 800, 25
2, 0, 0.0088, 1.1865, 2, 6, 50, 26
2, 0, 0.012, 1.1985, 2, 6, 100, 26
2, 0, 0.0112, 1.2097, 2, 6, 150, 26
2, 0, 0.012, 1.2217, 2, 6, 200, 26
2, 0, 0.0085, 1.2302, 2, 6, 250, 26
2, 0, 0.0085, 1.2387, 2, 6, 300, 26
2, 0, 0.0117, 1.2504, 2, 6, 400, 26
2, 0, 0.0087, 1.2591, 2, 6, 600, 26
2, 0, 0.0094, 1.2685, 2, 6, 800, 26
2, 0, 0.0086, 1.2771, 2, 7, 50, 27
2, 0, 0.0149, 1.292, 2, 7, 100, 27
2, 0, 0.018, 1.3099, 2, 7, 150, 27
2, 0, 0.0139, 1.3238, 2, 7, 200, 27
2, 0, 0.0084, 1.3323, 2, 7, 250, 27
2, 0, 0.01, 1.3422, 2, 7, 300, 27
2, 0, 0.0078, 1.35, 2, 7, 400, 27
2, 0, 0.0091, 1.3591, 2, 7, 600, 27
2, 0, 0.0115, 1.3706, 2, 7, 800, 27
2, 0, 0.0168, 1.3875, 2, 8, 50, 28
2, 0, 0.0118, 1.3993, 2, 8, 100, 28
2, 0, 0.0101, 1.4094, 2, 8, 150, 28
2, 0, 0.0093, 1.4187, 2, 8, 200, 28
2, 0, 0.0098, 1.4285, 2, 8, 250, 28
2, 0, 0.0088, 1.4372, 2, 8, 300, 28
2, 0, 0.0111, 1.4483, 2, 8, 400, 28
2, 0, 0.0089, 1.4573, 2, 8, 600, 28
2, 0, 0.0105, 1.4678, 2, 8, 800, 28
2, 0, 0.022, 1.4898, 2, 9, 50, 29
2, 0, 0.0105, 1.5003, 2, 9, 100, 29
2, 0, 0.01, 1.5103, 2, 9, 150, 29
2, 0, 0.0119, 1.5222, 2, 9, 200, 29
2, 0, 0.0082, 1.5304, 2, 9, 250, 29
2, 0, 0.0113, 1.5417, 2, 9, 300, 29
2, 0, 0.0085, 1.5502, 2, 9, 400, 29
2, 0, 0.0104, 1.5606, 2, 9, 600, 29
2, 0, 0.011, 1.5715, 2, 9, 800, 29
2, 0, 0.0131, 1.5847, 2, 10, 50, 30
2, 0, 0.0112, 1.5959, 2, 10, 100, 30
2, 0, 0.0083, 1.6041, 2, 10, 150, 30
2, 0, 0.0096, 1.6138, 2, 10, 200, 30
2, 0, 0.0085, 1.6222, 2, 10, 250, 30
2, 0, 0.0095, 1.6318, 2, 10, 300, 30
2, 0, 0.0098, 1.6416, 2, 10, 400, 30
2, 0, 0.0094, 1.651, 2, 10, 600, 30
2, 0, 0.0139, 1.6648, 2, 10, 800, 30
2, 0, 0.0163, 1.6812, 2, 11, 50, 31
2, 0, 0.0108, 1.692, 2, 11, 100, 31
2, 0, 0.013, 1.705, 2, 11, 150, 31
2, 0, 0.0119, 1.7169, 2, 11, 200, 31
2, 0, 0.0095, 1.7264, 2, 11, 250, 31
2, 0, 0.0085, 1.7349, 2, 11, 300, 31
2, 0, 0.0087, 1.7437, 2, 11, 400, 31
2, 0, 0.0158, 1.7595, 2, 11, 600, 31
2, 0, 0.0104, 1.7699, 2, 11, 800, 31
2, 0.8974, 0.0128, 1.7827, 3, 1, 50, 41
2, 0.8079, 0.0171, 1.7997, 3, 1, 100, 41
2, 0.7292, 0.016, 1.8157, 3, 1, 150, 41
2, 0.6595, 0.0143, 1.83, 3, 1, 200, 41
2, 0.5972, 0.016, 1.846, 3, 1, 250, 41
2, 0.5413, 0.0155, 1.8615, 3, 1, 300, 41
2, 0.445, 0.0177, 1.8792, 3, 1, 400, 41
2, 0.2974, 0.0136, 1.8928, 3, 1, 600, 41
2, 0.1897, 0.019, 1.9118, 3, 1, 800, 41
2, 0.5148, 0.0141, 1.9259, 3, 2, 50, 42
2, 0.4243, 0.0096, 1.9355, 3, 2, 100, 42
2, 0.3937, 0.011, 1.9465, 3, 2, 150, 42
2, 0.3656, 0.0125, 1.959, 3, 2, 200, 42
2, 0.3395, 0.0112, 1.9702, 3, 2, 250, 42
2, 0.3153, 0.0081, 1.9783, 3, 2, 300, 42
2, 0.2717, 0.0121, 1.9904, 3, 2, 400, 42
2, 0.1812, 0.0167, 2.0071, 3, 2, 600, 42
2, 0.1156, 0.0155, 2.0226, 3, 2, 800, 42
2, 0, 0.0209, 2.0434, 3, 3, 50, 43
2, 0, 0.0105, 2.054, 3, 3, 100, 43
2, 0, 0.0099, 2.0639, 3, 3, 150, 43
2, 0, 0.0139, 2.0777, 3, 3, 200, 43
2, 0, 0.0083, 2.086, 3, 3, 250, 43
2, 0, 0.0095, 2.0955, 3, 3, 300, 43
2, 0, 0.0105, 2.1061, 3, 3, 400, 43
2, 0, 0.0152, 2.1212, 3, 3, 600, 43
2, 0, 0.0119, 2.1331, 3, 3, 800, 43
102, 0.1357, 0.0211, 2.1542, 3, 4, 50, 44
2, 0.1174, 0.0158, 2.17, 3, 4, 100, 44
2, 0.0996, 0.0184, 2.1884, 3, 4, 150, 44
2, 0.0838, 0.0167, 2.2051, 3, 4, 200, 44
102, 0.0671, 0.0219, 2.227, 3, 4, 250, 44
102, 0.051, 0.0235, 2.2505, 3, 4, 300, 44
102, 0.0276, 0.0192, 2.2697, 3, 4, 400, 44
102, 0.0067, 0.0171, 2.2868, 3, 4, 600, 44
2, 0, 0.0093, 2.2961, 3, 4, 800, 44
2, 0, 0.0146, 2.3108, 3, 5, 50, 45
2, 0, 0.0176, 2.3284, 3, 5, 100, 45
2, 0, 0.013, 2.3414, 3, 5, 150, 45
2, 0, 0.0117, 2.3532, 3, 5, 200, 45
2, 0, 0.0103, 2.3634, 3, 5, 250, 45
2, 0, 0.0095, 2.3729, 3, 5, 300, 45
2, 0, 0.0089, 2.3818, 3, 5, 400, 45
2, 0, 0.0082, 2.39, 3, 5, 600, 45
2, 0, 0.0106, 2.4006, 3, 5, 800, 45
2, 0, 0.0194, 2.42, 3, 6, 50, 46
2, 0, 0.0127, 2.4327, 3, 6, 100, 46
2, 0, 0.0101, 2.4428, 3, 6, 150, 46
2, 0, 0.0083, 2.4511, 3, 6, 200, 46
2, 0, 0.0103, 2.4613, 3, 6, 250, 46
2, 0, 0.0088, 2.4701, 3, 6, 300, 46
2, 0, 0.0095, 2.4796, 3, 6, 400, 46
2, 0, 0.012, 2.4916, 3, 6, 600, 46
2, 0, 0.0114, 2.5031, 3, 6, 800, 46
2, 0, 0.015, 2.5181, 3, 7, 50, 47
2, 0, 0.0111, 2.5292, 3, 7, 100, 47
2, 0, 0.0113, 2.5405, 3, 7, 150, 47
2, 0, 0.0124, 2.5529, 3, 7, 200, 47
2, 0, 0.0092, 2.5622, 3, 7, 250, 47
2, 0, 0.0091, 2.5713, 3, 7, 300, 47
2, 0, 0.0093, 2.5806, 3, 7, 400, 47
2, 0, 0.0123, 2.5929, 3, 7, 600, 47
2, 0, 0.0149, 2.6078, 3, 7, 800, 47
2, 0, 0.0163, 2.6241, 3, 8, 50, 48
2, 0, 0.0103, 2.6343, 3, 8, 100, 48
2, 0, 0.0093, 2.6436, 3, 8, 150, 48
2, 0, 0.0091, 2.6527, 3, 8, 200, 48
2, 0, 0.0078, 2.6605, 3, 8, 250, 48
2, 0, 0.0109, 2.6714, 3, 8, 300, 48
2, 0, 0.0094, 2.6808, 3, 8, 400, 48
2, 0, 0.0129, 2.6937, 3, 8, 600, 48
2, 0, 0.0237, 2.7174, 3, 8, 800, 48
2, 0, 0.0242, 2.7416, 3, 9, 50, 49
2, 0, 0.0104, 2.752, 3, 9, 100, 49
2, 0, 0.0152, 2.7671, 3, 9, 150, 49
2, 0, 0.0099, 2.777, 3, 9, 200, 49
2, 0, 0.0126, 2.7896, 3, 9, 250, 49
2, 0, 0.0127, 2.8023, 3, 9, 300, 49
2, 0, 0.0096, 2.8119, 3, 9, 400, 49
2, 0, 0.0104, 2.8223, 3, 9, 600, 49
2, 0, 0.0085, 2.8308, 3, 9, 800, 49
2, 0, 0.0156, 2.8464, 3, 10, 50, 50
2, 0, 0.0095, 2.8559, 3, 10, 100, 50
2, 0, 0.0123, 2.8682, 3, 10, 150, 50
2, 0, 0.0103, 2.8784, 3, 10, 200, 50
2, 0, 0.0102, 2.8886, 3, 10, 250, 50
2, 0, 0.0114, 2.9, 3, 10, 300, 50
2, 0, 0.0145, 2.9145, 3, 10, 400, 50
2, 0, 0.0098, 2.9243, 3, 10, 600, 50
2, 0, 0.0144, 2.9387, 3, 10, 800, 50
2, 0, 0.0148, 2.9535, 3, 11, 50, 51
2, 0, 0.0109, 2.9644, 3, 11, 100, 51
2, 0, 0.0128, 2.9772, 3, 11, 150, 51
2, 0, 0.0121, 2.9893, 3, 11, 200, 51
2, 0, 0.0088, 2.9982, 3, 11, 250, 51
2, 0, 0.0109, 3.0091, 3, 11, 300, 51
2, 0, 0.0108, 3.0199, 3, 11, 400, 51
2, 0, 0.0097, 3.0296, 3, 11, 600, 51
2, 0, 0.0099, 3.0395, 3, 11, 800, 51
2, 0.6817, 0.0144, 3.0539, 4, 1, 50, 61
2, 0.4861, 0.0172, 3.0711, 4, 1, 100, 61
102, 0.3537, 0.0179, 3.0889, 4, 1, 150, 61
2, 0.2581, 0.0148, 3.1038, 4, 1, 200, 61
2, 0.1947, 0.0127, 3.1165, 4, 1, 250, 61
2, 0.1477, 0.0124, 3.1288, 4, 1, 300, 61
2, 0.0852, 0.0154, 3.1443, 4, 1, 400, 61
2, 0.0123, 0.0152, 3.1594, 4, 1, 600, 61
2, 0, 0.0104, 3.1698, 4, 1, 800, 61
102, 0.4702, 0.0229, 3.1927, 4, 2, 50, 62
2, 0.4346, 0.0131, 3.2058, 4, 2, 100, 62
2, 0.4014, 0.0209, 3.2267, 4, 2, 150, 62
2, 0.3705, 0.0272, 3.254, 4, 2, 200, 62
2, 0.3417, 0.0214, 3.2753, 4, 2, 250, 62
2, 0.3147, 0.0197, 3.295, 4, 2, 300, 62
2, 0.2656, 0.0182, 3.3132, 4, 2, 400, 62
2, 0.1832, 0.0159, 3.3291, 4, 2, 600, 62
2, 0.1183, 0.0152, 3.3442, 4, 2, 800, 62
2, 0.3554, 0.0208, 3.365, 4, 3, 50, 63
2, 0.3022, 0.0161, 3.3811, 4, 3, 100, 63
2, 0.2529, 0.0147, 3.3958, 4, 3, 150, 63
2, 0.2073, 0.0135, 3.4093, 4, 3, 200, 63
2, 0.1649, 0.0145, 3.4238, 4, 3, 250, 63
2, 0.1322, 0.014, 3.4378, 4, 3, 300, 63
2, 0.0556, 0.0278, 3.4656, 4, 3, 400, 63
2, 0, 0.0163, 3.4819, 4, 3, 600, 63
2, 0, 0.0125, 3.4944, 4, 3, 800, 63
2, 0.0567, 0.0226, 3.517, 4, 4, 50, 64
2, 0.0346, 0.0186, 3.5356, 4, 4, 100, 64
102, 0.0196, 0.0191, 3.5547, 4, 4, 150, 64
2, 0.0054, 0.0181, 3.5729, 4, 4, 200, 64
2, 0.0013, 0.0115, 3.5844, 4, 4, 250, 64
2, 0, 0.0092, 3.5936, 4, 4, 300, 64
2, 0, 0.0139, 3.6075, 4, 4, 400, 64
2, 0, 0.0161, 3.6236, 4, 4, 600, 64
2, 0, 0.0124, 3.636, 4, 4, 800, 64
2, 0, 0.0166, 3.6527, 4, 5, 50, 65
2, 0, 0.0091, 3.6618, 4, 5, 100, 65
2, 0, 0.0081, 3.6699, 4, 5, 150, 65
2, 0, 0.0118, 3.6816, 4, 5, 200, 65
2, 0, 0.0091, 3.6908, 4, 5, 250, 65
2, 0, 0.0102, 3.701, 4, 5, 300, 65
2, 0, 0.0211, 3.7221, 4, 5, 400, 65
2, 0, 0.0122, 3.7344, 4, 5, 600, 65
2, 0, 0.0095, 3.7439, 4, 5, 800, 65
2, 0.0105, 0.0187, 3.7626, 4, 6, 50, 66
2, 0, 0.0165, 3.7791, 4, 6, 100, 66
2, 0, 0.0091, 3.7882, 4, 6, 150, 66
2, 0, 0.0125, 3.8007, 4, 6, 200, 66
2, 0, 0.0143, 3.815, 4, 6, 250, 66
2, 0, 0.0118, 3.8268, 4, 6, 300, 66
2, 0, 0.0103, 3.8371, 4, 6, 400, 66
2, 0, 0.0115, 3.8486, 4, 6, 600, 66
2, 0, 0.0153, 3.8639, 4, 6, 800, 66
2, 0, 0.0223, 3.8863, 4, 7, 50, 67
2, 0, 0.0114, 3.8977, 4, 7, 100, 67
2, 0, 0.0128, 3.9104, 4, 7, 150, 67
2, 0, 0.0151, 3.9255, 4, 7, 200, 67
2, 0, 0.011, 3.9366, 4, 7, 250, 67
2, 0, 0.0093, 3.9458, 4, 7, 300, 67
2, 0, 0.0088, 3.9546, 4, 7, 400, 67
2, 0, 0.0095, 3.9641, 4, 7, 600, 67
2, 0, 0.0103, 3.9745, 4, 7, 800, 67
2, 0, 0.0204, 3.9948, 4, 8, 50, 68
2, 0, 0.0135, 4.0083, 4, 8, 100, 68
2, 0, 0.0118, 4.0201, 4, 8, 150, 68
2, 0, 0.0105, 4.0307, 4, 8, 200, 68
2, 0, 0.0083, 4.039, 4, 8, 250, 68
2, 0, 0.0085, 4.0475, 4, 8, 300, 68
2, 0, 0.0104, 4.0579, 4, 8, 400, 68
2, 0, 0.009, 4.0669, 4, 8, 600, 68
2, 0, 0.0135, 4.0805, 4, 8, 800, 68
2, 0, 0.0254, 4.1059, 4, 9, 50, 69
2, 0, 0.0325, 4.1384, 4, 9, 100, 69
2, 0, 0.0141, 4.1525, 4, 9, 150, 69
2, 0, 0.0145, 4.167, 4, 9, 200, 69
2, 0, 0.0133, 4.1803, 4, 9, 250, 69
2, 0, 0.0151, 4.1955, 4, 9, 300, 69
2, 0, 0.0236, 4.2191, 4, 9, 400, 69
2, 0, 0.0101, 4.2292, 4, 9, 600, 69
2, 0, 0.0211, 4.2503, 4, 9, 800, 69
2, 0, 0.0148, 4.2651, 4, 10, 50, 70
2, 0, 0.0121, 4.2772, 4, 10, 100, 70
2, 0, 0.0125, 4.2896, 4, 10, 150, 70
2, 0, 0.0094, 4.2991, 4, 10, 200, 70
2, 0, 0.0116, 4.3107, 4, 10, 250, 70
2, 0, 0.0092, 4.3199, 4, 10, 300, 70
2, 0, 0.0094, 4.3292, 4, 10, 400, 70
2, 0, 0.0097, 4.3389, 4, 10, 600, 70
2, 0, 0.011, 4.3499, 4, 10, 800, 70
2, 0, 0.0155, 4.3654, 4, 11, 50, 71
2, 0, 0.0114, 4.3768, 4, 11, 100, 71
2, 0, 0.0115, 4.3883, 4, 11, 150, 71
2, 0, 0.0105, 4.3987, 4, 11, 200, 71
2, 0, 0.0091, 4.4078, 4, 11, 250, 71
2, 0, 0.0112, 4.419, 4, 11, 300, 71
2, 0, 0.0125, 4.4315, 4, 11, 400, 71
2, 0, 0.0144, 4.4459, 4, 11, 600, 71
2, 0, 0.0156, 4.4615, 4, 11, 800, 71
2, 0.8868, 0.0185, 4.4801, 5, 1, 50, 81
2, 0.7925, 0.0136, 4.4937, 5, 1, 100, 81
2, 0.7126, 0.0182, 4.5119, 5, 1, 150, 81
2, 0.644, 0.0134, 4.5252, 5, 1, 200, 81
2, 0.5846, 0.0142, 4.5394, 5, 1, 250, 81
2, 0.5326, 0.0205, 4.56, 5, 1, 300, 81
2, 0.4459, 0.0201, 4.58, 5, 1, 400, 81
2, 0.3196, 0.0187, 4.5987, 5, 1, 600, 81
2, 0.2321, 0.0196, 4.6183, 5, 1, 800, 81
2, 0.6876, 0.0171, 4.6354, 5, 2, 50, 82
2, 0.6057, 0.0128, 4.6482, 5, 2, 100, 82
2, 0.5507, 0.0105, 4.6586, 5, 2, 150, 82
2, 0.5018, 0.0109, 4.6695, 5, 2, 200, 82
2, 0.458, 0.0128, 4.6823, 5, 2, 250, 82
2, 0.4185, 0.0112, 4.6935, 5, 2, 300, 82
2, 0.3542, 0.0143, 4.7078, 5, 2, 400, 82
2, 0.2705, 0.017, 4.7247, 5, 2, 600, 82
2, 0.2072, 0.02, 4.7448, 5, 2, 800, 82
2, 0.4049, 0.0293, 4.7741, 5, 3, 50, 83
2, 0.3817, 0.032, 4.8061, 5, 3, 100, 83
2, 0.3595, 0.0222, 4.8283, 5, 3, 150, 83
2, 0.3332, 0.0294, 4.8577, 5, 3, 200, 83
102, 0.3083, 0.021, 4.8787, 5, 3, 250, 83
102, 0.285, 0.0201, 4.8988, 5, 3, 300, 83
2, 0.242, 0.0227, 4.9215, 5, 3, 400, 83
102, 0.1669, 0.0246, 4.9461, 5, 3, 600, 83
2, 0.1078, 0.0216, 4.9677, 5, 3, 800, 83
2, 0.3252, 0.0231, 4.9908, 5, 4, 50, 84
2, 0.3019, 0.0264, 5.0172, 5, 4, 100, 84
2, 0.2794, 0.0287, 5.046, 5, 4, 150, 84
2, 0.248, 0.0204, 5.0664, 5, 4, 200, 84
102, 0.216, 0.0198, 5.0863, 5, 4, 250, 84
102, 0.1856, 0.0268, 5.113, 5, 4, 300, 84
102, 0.134, 0.0386, 5.1516, 5, 4, 400, 84
2, 0.0672, 0.036, 5.1876, 5, 4, 600, 84
2, 0.0308, 0.0376, 5.2252, 5, 4, 800, 84
2, 0.0309, 0.0323, 5.2574, 5, 5, 50, 85
2, 0.0151, 0.0341, 5.2916, 5, 5, 100, 85
2, 0.001, 0.0968, 5.3884, 5, 5, 150, 85
2, 0, 0.0271, 5.4155, 5, 5, 200, 85
2, 0, 0.0183, 5.4337, 5, 5, 250, 85
2, 0, 0.0143, 5.448, 5, 5, 300, 85
2, 0, 0.0155, 5.4635, 5, 5, 400, 85
2, 0, 0.0282, 5.4918, 5, 5, 600, 85
2, 0, 0.0229, 5.5146, 5, 5, 800, 85
2, 0.0754, 0.0286, 5.5432, 5, 6, 50, 86
2, 0.0569, 0.0349, 5.5782, 5, 6, 100, 86
2, 0.0479, 0.0379, 5.6161, 5, 6, 150, 86
102, 0.0392, 0.0281, 5.6442, 5, 6, 200, 86
2, 0.0308, 0.0309, 5.675, 5, 6, 250, 86
2, 0.0226, 0.022, 5.697, 5, 6, 300, 86
102, 0.012, 0.028, 5.725, 5, 6, 400, 86
2, 0.0012, 0.0247, 5.7497, 5, 6, 600, 86
2, 0, 0.0278, 5.7775, 5, 6, 800, 86
2, 0.0232, 0.0362, 5.8137, 5, 7, 50, 87
102, 0.0164, 0.0305, 5.8442, 5, 7, 100, 87
2, 0.0098, 0.0444, 5.8886, 5, 7, 150, 87
2, 0.0033, 0.0356, 5.9242, 5, 7, 200, 87
2, 0, 0.0176, 5.9418, 5, 7, 250, 87
2, 0, 0.0166, 5.9583, 5, 7, 300, 87
2, 0, 0.0121, 5.9704, 5, 7, 400, 87
2, 0, 0.0127, 5.9832, 5, 7, 600, 87
2, 0, 0.0153, 5.9984, 5, 7, 800, 87
2, 0.0375, 0.0584, 6.0568, 5, 8, 50, 88
2, 0.0267, 0.0582, 6.115, 5, 8, 100, 88
2, 0.0161, 0.0727, 6.1876, 5, 8, 150, 88
2, 0.0106, 0.0406, 6.2282, 5, 8, 200, 88
102, 0.0076, 0.0524, 6.2807, 5, 8, 250, 88
102, 0.0046, 0.057, 6.3377, 5, 8, 300, 88
2, 0, 0.0221, 6.3599, 5, 8, 400, 88
2, 0, 0.0158, 6.3757, 5, 8, 600, 88
2, 0, 0.0107, 6.3864, 5, 8, 800, 88
2, 0, 0.0554, 6.4418, 5, 9, 50, 89
2, 0, 0.011, 6.4527, 5, 9, 100, 89
2, 0, 0.0119, 6.4646, 5, 9, 150, 89
2, 0, 0.0113, 6.4759, 5, 9, 200, 89
2, 0, 0.0133, 6.4892, 5, 9, 250, 89
2, 0, 0.0104, 6.4996, 5, 9, 300, 89
2, 0, 0.0203, 6.52, 5, 9, 400, 89
2, 0, 0.0209, 6.5409, 5, 9, 600, 89
2, 0, 0.0194, 6.5603, 5, 9, 800, 89
2, 0, 0.021, 6.5813, 5, 10, 50, 90
2, 0, 0.01, 6.5913, 5, 10, 100, 90
2, 0, 0.0099, 6.6012, 5, 10, 150, 90
2, 0, 0.0115, 6.6127, 5, 10, 200, 90
2, 0, 0.0142, 6.6269, 5, 10, 250, 90
2, 0, 0.0167, 6.6436, 5, 10, 300, 90
2, 0, 0.0114, 6.655, 5, 10, 400, 90
2, 0, 0.0244, 6.6794, 5, 10, 600, 90
2, 0, 0.019, 6.6984, 5, 10, 800, 90
2, 0, 0.0378, 6.7362, 5, 11, 50, 91
2, 0, 0.0142, 6.7504, 5, 11, 100, 91
2, 0, 0.0117, 6.7622, 5, 11, 150, 91
2, 0, 0.0122, 6.7743, 5, 11, 200, 91
2, 0, 0.0133, 6.7876, 5, 11, 250, 91
2, 0, 0.0139, 6.8015, 5, 11, 300, 91
2, 0, 0.0207, 6.8223, 5, 11, 400, 91
2, 0, 0.0243, 6.8466, 5, 11, 600, 91
2, 0, 0.0181, 6.8647, 5, 11, 800, 91
2, 0.8927, 0.0223, 6.887, 6, 1, 50, 101
2, 0.8013, 0.0242, 6.9112, 6, 1, 100, 101
2, 0.7227, 0.0219, 6.9331, 6, 1, 150, 101
2, 0.6542, 0.0279, 6.9611, 6, 1, 200, 101
2, 0.5941, 0.0264, 6.9874, 6, 1, 250, 101
2, 0.5416, 0.0227, 7.0101, 6, 1, 300, 101
2, 0.4597, 0.0164, 7.0265, 6, 1, 400, 101
2, 0.3419, 0.0241, 7.0506, 6, 1, 600, 101
2, 0.2678, 0.0316, 7.0822, 6, 1, 800, 101
2, 0.6772, 0.0224, 7.1046, 6, 2, 50, 102
102, 0.5331, 0.0218, 7.1264, 6, 2, 100, 102
2, 0.4786, 0.0182, 7.1446, 6, 2, 150, 102
2, 0.4305, 0.0169, 7.1616, 6, 2, 200, 102
2, 0.3877, 0.0161, 7.1777, 6, 2, 250, 102
102, 0.3495, 0.026, 7.2037, 6, 2, 300, 102
2, 0.2925, 0.0214, 7.225, 6, 2, 400, 102
2, 0.2107, 0.0199, 7.2449, 6, 2, 600, 102
2, 0.1574, 0.0237, 7.2686, 6, 2, 800, 102
2, 0.414, 0.0319, 7.3005, 6, 3, 50, 103
2, 0.3786, 0.0342, 7.3347, 6, 3, 100, 103
2, 0.3537, 0.0386, 7.3734, 6, 3, 150, 103
2, 0.3372, 0.0447, 7.4181, 6, 3, 200, 103
102, 0.3237, 0.0316, 7.4497, 6, 3, 250, 103
2, 0.3069, 0.0417, 7.4914, 6, 3, 300, 103
2, 0.2741, 0.0273, 7.5188, 6, 3, 400, 103
2, 0.2239, 0.0295, 7.5482, 6, 3, 600, 103
2, 0.1752, 0.0301, 7.5783, 6, 3, 800, 103
2, 0.2968, 0.0343, 7.6126, 6, 4, 50, 104
2, 0.2839, 0.0335, 7.6462, 6, 4, 100, 104
2, 0.2714, 0.038, 7.6842, 6, 4, 150, 104
2, 0.2594, 0.0365, 7.7207, 6, 4, 200, 104
2, 0.2477, 0.0393, 7.76, 6, 4, 250, 104
102, 0.2363, 0.0404, 7.8005, 6, 4, 300, 104
2, 0.2146, 0.0382, 7.8386, 6, 4, 400, 104
2, 0.174, 0.04, 7.8787, 6, 4, 600, 104
102, 0.1352, 0.042, 7.9206, 6, 4, 800, 104
2, 0.2059, 0.0295, 7.9502, 6, 5, 50, 105
102, 0.1897, 0.0338, 7.984, 6, 5, 100, 105
102, 0.174, 0.0277, 8.0117, 6, 5, 150, 105
2, 0.1587, 0.0264, 8.0381, 6, 5, 200, 105
2, 0.1437, 0.0368, 8.0749, 6, 5, 250, 105
2, 0.1287, 0.0241, 8.0991, 6, 5, 300, 105
2, 0.0764, 0.031, 8.1301, 6, 5, 400, 105
2, 0.0473, 0.0269, 8.157, 6, 5, 600, 105
102, 0.0305, 0.0275, 8.1845, 6, 5, 800, 105
102, 0.145, 0.0245, 8.2091, 6, 6, 50, 106
2, 0.122, 0.0318, 8.2408, 6, 6, 100, 106
2, 0.1, 0.026, 8.2669, 6, 6, 150, 106
2, 0.0802, 0.0183, 8.2852, 6, 6, 200, 106
2, 0.0702, 0.0283, 8.3135, 6, 6, 250, 106
2, 0.0604, 0.0296, 8.3431, 6, 6, 300, 106
2, 0.0454, 0.0299, 8.3729, 6, 6, 400, 106
102, 0.0292, 0.023, 8.3959, 6, 6, 600, 106
102, 0.0197, 0.0306, 8.4266, 6, 6, 800, 106
2, 0.0579, 0.0366, 8.4632, 6, 7, 50, 107
2, 0.0442, 0.0255, 8.4888, 6, 7, 100, 107
2, 0.0309, 0.021, 8.5098, 6, 7, 150, 107
2, 0.023, 0.0285, 8.5383, 6, 7, 200, 107
102, 0.0158, 0.0294, 8.5678, 6, 7, 250, 107
2, 0.0089, 0.0248, 8.5926, 6, 7, 300, 107
2, 0, 0.0233, 8.6159, 6, 7, 400, 107
2, 0, 0.0141, 8.63, 6, 7, 600, 107
2, 0, 0.0124, 8.6423, 6, 7, 800, 107
2, 0.0237, 0.0465, 8.6888, 6, 8, 50, 108
2, 0.0168, 0.05, 8.7388, 6, 8, 100, 108
2, 0.0101, 0.0459, 8.7847, 6, 8, 150, 108
2, 0.0056, 0.0537, 8.8385, 6, 8, 200, 108
102, 0.0022, 0.0398, 8.8783, 6, 8, 250, 108
2, 0, 0.0118, 8.89, 6, 8, 300, 108
2, 0, 0.0162, 8.9062, 6, 8, 400, 108
2, 0, 0.0153, 8.9215, 6, 8, 600, 108
2, 0, 0.0193, 8.9409, 6, 8, 800, 108
2, 0.0251, 0.1056, 9.0465, 6, 9, 50, 109
102, 0.0161, 0.1014, 9.1478, 6, 9, 100, 109
2, 0.0128, 0.0961, 9.244, 6, 9, 150, 109
2, 0.0104, 0.0886, 9.3325, 6, 9, 200, 109
2, 0.0074, 0.1506, 9.4831, 6, 9, 250, 109
2, 0.0034, 0.0978, 9.5809, 6, 9, 300, 109
2, 0, 0.0382, 9.6191, 6, 9, 400, 109
2, 0, 0.0144, 9.6335, 6, 9, 600, 109
2, 0, 0.0178, 9.6513, 6, 9, 800, 109
2, 0, 0.0356, 9.6869, 6, 10, 50, 110
2, 0, 0.0125, 9.6994, 6, 10, 100, 110
2, 0, 0.0132, 9.7126, 6, 10, 150, 110
2, 0, 0.0162, 9.7288, 6, 10, 200, 110
2, 0, 0.0107, 9.7394, 6, 10, 250, 110
2, 0, 0.0123, 9.7518, 6, 10, 300, 110
2, 0, 0.015, 9.7668, 6, 10, 400, 110
2, 0, 0.0175, 9.7843, 6, 10, 600, 110
2, 0, 0.0198, 9.804, 6, 10, 800, 110
2, 0, 0.2555, 10.0596, 6, 11, 50, 111
2, 0, 0.014, 10.0736, 6, 11, 100, 111
2, 0, 0.0131, 10.0867, 6, 11, 150, 111
2, 0, 0.015, 10.1017, 6, 11, 200, 111
2, 0, 0.013, 10.1147, 6, 11, 250, 111
2, 0, 0.0108, 10.1255, 6, 11, 300, 111
2, 0, 0.0115, 10.137, 6, 11, 400, 111
2, 0, 0.0124, 10.1494, 6, 11, 600, 111
2, 0, 0.0103, 10.1597, 6, 11, 800, 111
2, 0.9143, 0.0187, 10.1785, 7, 1, 50, 121
2, 0.839, 0.0204, 10.1989, 7, 1, 100, 121
2, 0.7724, 0.0167, 10.2156, 7, 1, 150, 121
2, 0.7139, 0.0188, 10.2344, 7, 1, 200, 121
2, 0.6617, 0.0187, 10.2531, 7, 1, 250, 121
2, 0.6149, 0.0238, 10.2769, 7, 1, 300, 121
2, 0.5344, 0.0221, 10.299, 7, 1, 400, 121
2, 0.4112, 0.0206, 10.3195, 7, 1, 600, 121
2, 0.3286, 0.0171, 10.3366, 7, 1, 800, 121
102, 0.7469, 0.0199, 10.3565, 7, 2, 50, 122
2, 0.6435, 0.0215, 10.378, 7, 2, 100, 122
2, 0.5944, 0.0254, 10.4034, 7, 2, 150, 122
2, 0.5427, 0.0318, 10.4351, 7, 2, 200, 122
2, 0.5018, 0.0615, 10.4966, 7, 2, 250, 122
2, 0.4688, 0.0389, 10.5355, 7, 2, 300, 122
2, 0.4165, 0.0343, 10.5698, 7, 2, 400, 122
2, 0.3401, 0.0307, 10.6005, 7, 2, 600, 122
2, 0.2784, 0.0286, 10.629, 7, 2, 800, 122
102, 0.4699, 0.0183, 10.6473, 7, 3, 50, 123
2, 0.4353, 0.0119, 10.6593, 7, 3, 100, 123
2, 0.403, 0.0125, 10.6718, 7, 3, 150, 123
2, 0.3729, 0.0144, 10.6862, 7, 3, 200, 123
2, 0.3463, 0.0164, 10.7026, 7, 3, 250, 123
2, 0.3267, 0.0211, 10.7237, 7, 3, 300, 123
102, 0.2908, 0.0229, 10.7466, 7, 3, 400, 123
2, 0.2396, 0.0497, 10.7963, 7, 3, 600, 123
2, 0.2053, 0.0366, 10.8329, 7, 3, 800, 123
2, 0.3474, 0.0406, 10.8735, 7, 4, 50, 124
2, 0.3231, 0.0331, 10.9066, 7, 4, 100, 124
102, 0.3097, 0.0335, 10.9401, 7, 4, 150, 124
102, 0.2973, 0.0409, 10.981, 7, 4, 200, 124
2, 0.2855, 0.0349, 11.0159, 7, 4, 250, 124
2, 0.2741, 0.041, 11.0569, 7, 4, 300, 124
102, 0.2524, 0.0388, 11.0957, 7, 4, 400, 124
102, 0.2129, 0.0392, 11.135, 7, 4, 600, 124
2, 0.1745, 0.0509, 11.1859, 7, 4, 800, 124
2, 0.3215, 0.0362, 11.2221, 7, 5, 50, 125
2, 0.2958, 0.0407, 11.2628, 7, 5, 100, 125
2, 0.2711, 0.0394, 11.3023, 7, 5, 150, 125
2, 0.2474, 0.0307, 11.333, 7, 5, 200, 125
2, 0.2245, 0.0425, 11.3756, 7, 5, 250, 125
2, 0.2025, 0.0259, 11.4015, 7, 5, 300, 125
2, 0.1829, 0.0276, 11.4291, 7, 5, 400, 125
2, 0.1472, 0.035, 11.4641, 7, 5, 600, 125
102, 0.1108, 0.0378, 11.5019, 7, 5, 800, 125
2, 0.2195, 0.108, 11.6099, 7, 6, 50, 126
2, 0.204, 0.0964, 11.7063, 7, 6, 100, 126
2, 0.1889, 0.1114, 11.8177, 7, 6, 150, 126
2, 0.1742, 0.0844, 11.9021, 7, 6, 200, 126
2, 0.1511, 0.1093, 12.0115, 7, 6, 250, 126
102, 0.1177, 0.0768, 12.0882, 7, 6, 300, 126
2, 0.0564, 0.0501, 12.1384, 7, 6, 400, 126
102, 0.0014, 0.0362, 12.1745, 7, 6, 600, 126
2, 0, 0.0176, 12.1921, 7, 6, 800, 126
2, 0.0534, 0.0333, 12.2254, 7, 7, 50, 127
2, 0.0442, 0.0276, 12.253, 7, 7, 100, 127
2, 0.0366, 0.0404, 12.2934, 7, 7, 150, 127
102, 0.0317, 0.036, 12.3294, 7, 7, 200, 127
2, 0.0231, 0.0563, 12.3857, 7, 7, 250, 127
102, 0.0187, 0.0355, 12.4212, 7, 7, 300, 127
2, 0.0126, 0.049, 12.4702, 7, 7, 400, 127
2, 0.0024, 0.04, 12.5102, 7, 7, 600, 127
2, 0, 0.0203, 12.5305, 7, 7, 800, 127
2, 0.0273, 0.0786, 12.6092, 7, 8, 50, 128
102, 0.0218, 0.0393, 12.6485, 7, 8, 100, 128
102, 0.0164, 0.052, 12.7005, 7, 8, 150, 128
2, 0.0123, 0.043, 12.7435, 7, 8, 200, 128
102, 0.0097, 0.0614, 12.8049, 7, 8, 250, 128
102, 0.0072, 0.0784, 12.8833, 7, 8, 300, 128
102, 0.0023, 0.0644, 12.9477, 7, 8, 400, 128
2, 0, 0.0185, 12.9661, 7, 8, 600, 128
2, 0, 0.0148, 12.9809, 7, 8, 800, 128
2, 0.0203, 0.1414, 13.1223, 7, 9, 50, 129
102, 0.0163, 0.1493, 13.2716, 7, 9, 100, 129
102, 0.0125, 0.1629, 13.4345, 7, 9, 150, 129
102, 0.0089, 0.1443, 13.5788, 7, 9, 200, 129
2, 0.0059, 0.141, 13.7198, 7, 9, 250, 129
102, 0.0041, 0.2871, 14.007, 7, 9, 300, 129
2, 0.0001, 0.1251, 14.132, 7, 9, 400, 129
2, 0, 0.011, 14.143, 7, 9, 600, 129
2, 0, 0.0139, 14.1569, 7, 9, 800, 129
2, 0.0242, 0.3836, 14.5405, 7, 10, 50, 130
2, 0.0154, 0.2374, 14.7778, 7, 10, 100, 130
2, 0.0115, 0.2163, 14.9941, 7, 10, 150, 130
2, 0.0094, 0.2833, 15.2774, 7, 10, 200, 130
2, 0.0074, 0.4095, 15.6869, 7, 10, 250, 130
102, 0.0052, 0.3307, 16.0175, 7, 10, 300, 130
2, 0.0007, 0.4899, 16.5075, 7, 10, 400, 130
2, 0, 0.0123, 16.5197, 7, 10, 600, 130
2, 0, 0.0117, 16.5315, 7, 10, 800, 130
2, 0.0071, 0.5716, 17.103, 7, 11, 50, 131
2, 0.0022, 0.4673, 17.5704, 7, 11, 100, 131
2, 0, 0.0336, 17.604, 7, 11, 150, 131
2, 0, 0.0159, 17.6199, 7, 11, 200, 131
2, 0, 0.0112, 17.6311, 7, 11, 250, 131
2, 0, 0.0134, 17.6445, 7, 11, 300, 131
2, 0, 0.0116, 17.6561, 7, 11, 400, 131
2, 0, 0.0208, 17.6768, 7, 11, 600, 131
2, 0, 0.0164, 17.6932, 7, 11, 800, 131
2, 0.9077, 0.0397, 17.7329, 8, 1, 50, 141
2, 0.8261, 0.0269, 17.7598, 8, 1, 100, 141
102, 0.7535, 0.0496, 17.8094, 8, 1, 150, 141
2, 0.6883, 0.0266, 17.836, 8, 1, 200, 141
2, 0.6297, 0.0226, 17.8586, 8, 1, 250, 141
2, 0.5779, 0.0305, 17.8892, 8, 1, 300, 141
2, 0.4969, 0.0245, 17.9137, 8, 1, 400, 141
2, 0.3866, 0.0245, 17.9382, 8, 1, 600, 141
2, 0.315, 0.0563, 17.9945, 8, 1, 800, 141
2, 0.6455, 0.0261, 18.0206, 8, 2, 50, 142
2, 0.5886, 0.032, 18.0527, 8, 2, 100, 142
102, 0.5472, 0.0376, 18.0902, 8, 2, 150, 142
2, 0.5093, 0.0475, 18.1378, 8, 2, 200, 142
2, 0.4746, 0.0303, 18.1681, 8, 2, 250, 142
2, 0.443, 0.0309, 18.199, 8, 2, 300, 142
2, 0.3962, 0.0443, 18.2433, 8, 2, 400, 142
2, 0.3156, 0.0466, 18.2898, 8, 2, 600, 142
2, 0.258, 0.0346, 18.3244, 8, 2, 800, 142
102, 0.5262, 0.0457, 18.3701, 8, 3, 50, 143
2, 0.4985, 0.0423, 18.4125, 8, 3, 100, 143
102, 0.4713, 0.0402, 18.4527, 8, 3, 150, 143
102, 0.444, 0.0443, 18.497, 8, 3, 200, 143
2, 0.4184, 0.0393, 18.5363, 8, 3, 250, 143
2, 0.3965, 0.0611, 18.5975, 8, 3, 300, 143
2, 0.3635, 0.0583, 18.6558, 8, 3, 400, 143
2, 0.3114, 0.0569, 18.7127, 8, 3, 600, 143
2, 0.2681, 0.0509, 18.7636, 8, 3, 800, 143
2, 0.3545, 0.0588, 18.8224, 8, 4, 50, 144
102, 0.3385, 0.0953, 18.9177, 8, 4, 100, 144
2, 0.3215, 0.0946, 19.0123, 8, 4, 150, 144
102, 0.3026, 0.0936, 19.1059, 8, 4, 200, 144
2, 0.2848, 0.0573, 19.1632, 8, 4, 250, 144
102, 0.2696, 0.1353, 19.2985, 8, 4, 300, 144
2, 0.2435, 0.0559, 19.3544, 8, 4, 400, 144
102, 0.1985, 0.0734, 19.4278, 8, 4, 600, 144
102, 0.161, 0.0574, 19.4852, 8, 4, 800, 144
2, 0.3014, 0.0517, 19.5369, 8, 5, 50, 145
2, 0.2877, 0.0889, 19.6258, 8, 5, 100, 145
102, 0.2716, 0.0654, 19.6911, 8, 5, 150, 145
102, 0.2575, 0.1092, 19.8003, 8, 5, 200, 145
2, 0.2458, 0.0935, 19.8938, 8, 5, 250, 145
2, 0.2346, 0.1117, 20.0055, 8, 5, 300, 145
3, 0.2134, 0.1109, 20.1164, 8, 5, 400, 145
102, 0.1754, 0.1106, 20.227, 8, 5, 600, 145
3, 0.1422, 0.0946, 20.3216, 8, 5, 800, 145
2, 0.2262, 0.1151, 20.4367, 8, 6, 50, 146
2, 0.2145, 0.0717, 20.5085, 8, 6, 100, 146
2, 0.2055, 0.1353, 20.6438, 8, 6, 150, 146
2, 0.1967, 0.1737, 20.8175, 8, 6, 200, 146
2, 0.188, 0.1573, 20.9748, 8, 6, 250, 146
2, 0.1794, 0.1406, 21.1154, 8, 6, 300, 146
2, 0.1629, 0.1445, 21.2599, 8, 6, 400, 146
2, 0.1175, 0.1156, 21.3755, 8, 6, 600, 146
2, 0.0745, 0.0663, 21.4418, 8, 6, 800, 146
2, 0.1722, 0.2861, 21.7278, 8, 7, 50, 147
2, 0.1592, 0.2938, 22.0216, 8, 7, 100, 147
2, 0.1466, 0.2211, 22.2427, 8, 7, 150, 147
2, 0.1342, 0.2354, 22.478, 8, 7, 200, 147
2, 0.122, 0.1609, 22.639, 8, 7, 250, 147
2, 0.1101, 0.1621, 22.8011, 8, 7, 300, 147
2, 0.0843, 0.0988, 22.8999, 8, 7, 400, 147
2, 0.0354, 0.0594, 22.9592, 8, 7, 600, 147
2, 0.0254, 0.0467, 23.0059, 8, 7, 800, 147
102, 0.0445, 0.0659, 23.0718, 8, 8, 50, 148
102, 0.0388, 0.0586, 23.1304, 8, 8, 100, 148
2, 0.0343, 0.0604, 23.1908, 8, 8, 150, 148
2, 0.0298, 0.0541, 23.2449, 8, 8, 200, 148
102, 0.0255, 0.054, 23.2989, 8, 8, 250, 148
2, 0.0227, 0.0445, 23.3434, 8, 8, 300, 148
2, 0.0191, 0.0575, 23.4009, 8, 8, 400, 148
102, 0.0125, 0.0604, 23.4613, 8, 8, 600, 148
102, 0.0076, 0.0682, 23.5295, 8, 8, 800, 148
2, 0.0217, 0.0819, 23.6115, 8, 9, 50, 149
2, 0.0155, 0.128, 23.7394, 8, 9, 100, 149
2, 0.012, 0.1422, 23.8816, 8, 9, 150, 149
2, 0.0067, 0.0956, 23.9772, 8, 9, 200, 149
2, 0.0046, 0.1163, 24.0934, 8, 9, 250, 149
2, 0.0021, 0.1502, 24.2436, 8, 9, 300, 149
2, 0, 0.0163, 24.2599, 8, 9, 400, 149
2, 0, 0.0141, 24.2741, 8, 9, 600, 149
2, 0, 0.0211, 24.2951, 8, 9, 800, 149
2, 0.0485, 1.374, 25.6692, 8, 10, 50, 150
102, 0.0457, 0.5765, 26.2457, 8, 10, 100, 150
102, 0.0429, 2.0314, 28.2771, 8, 10, 150, 150
102, 0.0402, 2.4079, 30.685, 8, 10, 200, 150
2, 0.0376, 2.873, 33.558, 8, 10, 250, 150
2, 0.0349, 2.4976, 36.0556, 8, 10, 300, 150
102, 0.0299, 4.0787, 40.1343, 8, 10, 400, 150
103, 0.0223, 2.2277, 42.362, 8, 10, 600, 150
102, 0.016, 2.2935, 44.6555, 8, 10, 800, 150
102, 0.0307, 1.941, 46.5964, 8, 11, 50, 151
2, 0.0194, 2.6847, 49.2811, 8, 11, 100, 151
102, 0.0155, 3.2325, 52.5136, 8, 11, 150, 151
102, 0.0129, 1.9564, 54.47, 8, 11, 200, 151
3, 0.011, 2.4025, 56.8725, 8, 11, 250, 151
2, 0.0092, 2.9283, 59.8008, 8, 11, 300, 151
102, 0.0057, 2.4913, 62.2921, 8, 11, 400, 151
2, 0, 0.0366, 62.3288, 8, 11, 600, 151
2, 0, 0.0213, 62.35, 8, 11, 800, 151
2, 0.9256, 0.0226, 62.3726, 9, 1, 50, 161
2, 0.859, 0.0234, 62.396, 9, 1, 100, 161
2, 0.7992, 0.0167, 62.4128, 9, 1, 150, 161
2, 0.745, 0.0293, 62.4421, 9, 1, 200, 161
2, 0.6958, 0.0281, 62.4701, 9, 1, 250, 161
2, 0.6509, 0.0254, 62.4956, 9, 1, 300, 161
2, 0.5719, 0.0262, 62.5218, 9, 1, 400, 161
2, 0.4467, 0.0465, 62.5683, 9, 1, 600, 161
2, 0.3574, 0.0226, 62.5908, 9, 1, 800, 161
2, 0.6759, 0.0237, 62.6146, 9, 2, 50, 162
2, 0.6137, 0.0371, 62.6517, 9, 2, 100, 162
2, 0.5399, 0.0331, 62.6848, 9, 2, 150, 162
2, 0.4872, 0.0362, 62.721, 9, 2, 200, 162
2, 0.4585, 0.0347, 62.7557, 9, 2, 250, 162
2, 0.4364, 0.0292, 62.7849, 9, 2, 300, 162
2, 0.3964, 0.0447, 62.8297, 9, 2, 400, 162
2, 0.3284, 0.0445, 62.8742, 9, 2, 600, 162
2, 0.2688, 0.0351, 62.9093, 9, 2, 800, 162
102, 0.5005, 0.0545, 62.9638, 9, 3, 50, 163
102, 0.4619, 0.1048, 63.0687, 9, 3, 100, 163
2, 0.4346, 0.033, 63.1017, 9, 3, 150, 163
2, 0.4139, 0.0416, 63.1433, 9, 3, 200, 163
102, 0.395, 0.0376, 63.1808, 9, 3, 250, 163
2, 0.3778, 0.0794, 63.2603, 9, 3, 300, 163
102, 0.3502, 0.0561, 63.3163, 9, 3, 400, 163
2, 0.3033, 0.0672, 63.3835, 9, 3, 600, 163
2, 0.2631, 0.053, 63.4365, 9, 3, 800, 163
2, 0.3964, 0.0393, 63.4758, 9, 4, 50, 164
102, 0.3743, 0.0465, 63.5223, 9, 4, 100, 164
2, 0.3554, 0.0553, 63.5776, 9, 4, 150, 164
102, 0.3396, 0.0395, 63.6171, 9, 4, 200, 164
2, 0.3244, 0.0652, 63.6823, 9, 4, 250, 164
2, 0.3117, 0.0872, 63.7695, 9, 4, 300, 164
102, 0.2887, 0.0667, 63.8361, 9, 4, 400, 164
102, 0.2485, 0.0688, 63.9049, 9, 4, 600, 164
2, 0.2178, 0.0923, 63.9972, 9, 4, 800, 164
2, 0.3059, 0.0759, 64.0731, 9, 5, 50, 165
102, 0.285, 0.0646, 64.1377, 9, 5, 100, 165
2, 0.2643, 0.0451, 64.1828, 9, 5, 150, 165
102, 0.2529, 0.0672, 64.2501, 9, 5, 200, 165
102, 0.2418, 0.0703, 64.3203, 9, 5, 250, 165
2, 0.2329, 0.0986, 64.4189, 9, 5, 300, 165
2, 0.2178, 0.0918, 64.5107, 9, 5, 400, 165
2, 0.1921, 0.1192, 64.6299, 9, 5, 600, 165
2, 0.1708, 0.1516, 64.7815, 9, 5, 800, 165
2, 0.2381, 0.056, 64.8376, 9, 6, 50, 166
2, 0.2273, 0.0671, 64.9046, 9, 6, 100, 166
2, 0.2168, 0.0879, 64.9925, 9, 6, 150, 166
2, 0.2088, 0.2994, 65.2918, 9, 6, 200, 166
102, 0.2012, 0.1308, 65.4226, 9, 6, 250, 166
2, 0.1939, 0.2241, 65.6467, 9, 6, 300, 166
2, 0.1799, 0.1437, 65.7904, 9, 6, 400, 166
102, 0.154, 0.1813, 65.9717, 9, 6, 600, 166
102, 0.1277, 0.1555, 66.1272, 9, 6, 800, 166
2, 0.1952, 0.4788, 66.606, 9, 7, 50, 167
2, 0.1844, 1.1034, 67.7095, 9, 7, 100, 167
102, 0.1776, 0.9345, 68.6439, 9, 7, 150, 167
3, 0.171, 1.8729, 70.5168, 9, 7, 200, 167
2, 0.1644, 1.5315, 72.0483, 9, 7, 250, 167
2, 0.158, 1.1669, 73.2152, 9, 7, 300, 167
2, 0.1456, 1.3, 74.5152, 9, 7, 400, 167
3, 0.122, 1.2653, 75.7805, 9, 7, 600, 167
2, 0.0999, 0.916, 76.6964, 9, 7, 800, 167
2, 0.1959, 0.2215, 76.9179, 9, 8, 50, 168
2, 0.1795, 0.222, 77.1399, 9, 8, 100, 168
2, 0.1635, 0.199, 77.339, 9, 8, 150, 168
2, 0.148, 0.2292, 77.5681, 9, 8, 200, 168
2, 0.1328, 0.1885, 77.7567, 9, 8, 250, 168
2, 0.1181, 0.1801, 77.9368, 9, 8, 300, 168
2, 0.0897, 0.2133, 78.15, 9, 8, 400, 168
2, 0.0372, 0.069, 78.2191, 9, 8, 600, 168
102, 0.0179, 0.076, 78.2951, 9, 8, 800, 168
2, 0.0155, 0.0566, 78.3517, 9, 9, 50, 169
102, 0.0129, 0.0532, 78.4049, 9, 9, 100, 169
102, 0.0112, 0.0426, 78.4475, 9, 9, 150, 169
102, 0.0094, 0.0645, 78.512, 9, 9, 200, 169
102, 0.0078, 0.0633, 78.5753, 9, 9, 250, 169
102, 0.0065, 0.0995, 78.6747, 9, 9, 300, 169
102, 0.0044, 0.0737, 78.7485, 9, 9, 400, 169
102, 0.0004, 0.0879, 78.8364, 9, 9, 600, 169
2, 0, 0.0175, 78.8538, 9, 9, 800, 169
2, 0.0201, 0.2623, 79.1161, 9, 10, 50, 170
102, 0.0176, 0.299, 79.4152, 9, 10, 100, 170
102, 0.0138, 0.2973, 79.7125, 9, 10, 150, 170
2, 0.0106, 0.2516, 79.9641, 9, 10, 200, 170
2, 0.0077, 0.3714, 80.3355, 9, 10, 250, 170
103, 0.0057, 0.2137, 80.5491, 9, 10, 300, 170
2, 0.0042, 0.2975, 80.8466, 9, 10, 400, 170
2, 0.0021, 0.2862, 81.1327, 9, 10, 600, 170
2, 0.0003, 0.3703, 81.503, 9, 10, 800, 170
2, 0.0227, 0.4486, 81.9517, 9, 11, 50, 171
2, 0.0134, 0.2866, 82.2383, 9, 11, 100, 171
102, 0.0079, 0.1489, 82.3872, 9, 11, 150, 171
102, 0.0053, 0.334, 82.7212, 9, 11, 200, 171
102, 0.0027, 0.2479, 82.9691, 9, 11, 250, 171
102, 0.0006, 0.3631, 83.3321, 9, 11, 300, 171
2, 0, 0.0292, 83.3614, 9, 11, 400, 171
2, 0, 0.0173, 83.3787, 9, 11, 600, 171
2, 0, 0.0133, 83.392, 9, 11, 800, 171
2, 0.9091, 0.0196, 83.4115, 10, 1, 50, 181
2, 0.8305, 0.0207, 83.4322, 10, 1, 100, 181
2, 0.7619, 0.0209, 83.4531, 10, 1, 150, 181
2, 0.7015, 0.0244, 83.4775, 10, 1, 200, 181
2, 0.6479, 0.022, 83.4995, 10, 1, 250, 181
102, 0.6001, 0.0235, 83.523, 10, 1, 300, 181
2, 0.5181, 0.0232, 83.5462, 10, 1, 400, 181
2, 0.4025, 0.0275, 83.5737, 10, 1, 600, 181
2, 0.3268, 0.0219, 83.5955, 10, 1, 800, 181
2, 0.6241, 0.0259, 83.6214, 10, 2, 50, 182
102, 0.5698, 0.0217, 83.6431, 10, 2, 100, 182
2, 0.5247, 0.0684, 83.7115, 10, 2, 150, 182
2, 0.4972, 0.0288, 83.7404, 10, 2, 200, 182
2, 0.4721, 0.028, 83.7684, 10, 2, 250, 182
2, 0.4495, 0.0331, 83.8015, 10, 2, 300, 182
2, 0.408, 0.0288, 83.8303, 10, 2, 400, 182
2, 0.342, 0.0373, 83.8676, 10, 2, 600, 182
2, 0.2939, 0.0289, 83.8965, 10, 2, 800, 182
2, 0.5185, 0.0836, 83.9801, 10, 3, 50, 183
102, 0.483, 0.0287, 84.0088, 10, 3, 100, 183
102, 0.4575, 0.1026, 84.1114, 10, 3, 150, 183
102, 0.4336, 0.0807, 84.1921, 10, 3, 200, 183
102, 0.4111, 0.0452, 84.2372, 10, 3, 250, 183
2, 0.3898, 0.0683, 84.3055, 10, 3, 300, 183
2, 0.3517, 0.0722, 84.3777, 10, 3, 400, 183
2, 0.2952, 0.0944, 84.4721, 10, 3, 600, 183
2, 0.249, 0.0805, 84.5526, 10, 3, 800, 183
102, 0.3896, 0.0827, 84.6353, 10, 4, 50, 184
102, 0.369, 0.0897, 84.725, 10, 4, 100, 184
2, 0.352, 0.0941, 84.8191, 10, 4, 150, 184
2, 0.3375, 0.1535, 84.9726, 10, 4, 200, 184
2, 0.3256, 0.1468, 85.1194, 10, 4, 250, 184
2, 0.3142, 0.1181, 85.2375, 10, 4, 300, 184
102, 0.2927, 0.1533, 85.3908, 10, 4, 400, 184
2, 0.2576, 0.2448, 85.6356, 10, 4, 600, 184
102, 0.2274, 0.2557, 85.8912, 10, 4, 800, 184
102, 0.3299, 0.0786, 85.9698, 10, 5, 50, 185
2, 0.3149, 0.0503, 86.0201, 10, 5, 100, 185
102, 0.3004, 0.0908, 86.1109, 10, 5, 150, 185
2, 0.2865, 0.121, 86.2318, 10, 5, 200, 185
2, 0.273, 0.128, 86.3598, 10, 5, 250, 185
3, 0.2619, 0.146, 86.5058, 10, 5, 300, 185
102, 0.2434, 0.1339, 86.6397, 10, 5, 400, 185
103, 0.2162, 0.2402, 86.8799, 10, 5, 600, 185
102, 0.1935, 0.3642, 87.2441, 10, 5, 800, 185
2, 0.2329, 0.1895, 87.4335, 10, 6, 50, 186
102, 0.2254, 0.1957, 87.6292, 10, 6, 100, 186
102, 0.2172, 0.1625, 87.7918, 10, 6, 150, 186
2, 0.2091, 0.2148, 88.0066, 10, 6, 200, 186
102, 0.2012, 0.1805, 88.187, 10, 6, 250, 186
2, 0.1935, 0.2523, 88.4393, 10, 6, 300, 186
2, 0.1811, 0.2737, 88.713, 10, 6, 400, 186
103, 0.1607, 0.9761, 89.6891, 10, 6, 600, 186
102, 0.1421, 1.0604, 90.7496, 10, 6, 800, 186
2, 0.2188, 0.2637, 91.0132, 10, 7, 50, 187
3, 0.2108, 0.3274, 91.3407, 10, 7, 100, 187
2, 0.2043, 0.5881, 91.9288, 10, 7, 150, 187
2, 0.198, 1.0559, 92.9847, 10, 7, 200, 187
2, 0.1919, 1.328, 94.3127, 10, 7, 250, 187
3, 0.1859, 1.6963, 96.009, 10, 7, 300, 187
3, 0.1743, 2.0005, 98.0095, 10, 7, 400, 187
2, 0.1524, 2.5739, 100.5834, 10, 7, 600, 187
3, 0.131, 2.5666, 103.15, 10, 7, 800, 187
102, 0.1809, 1.8408, 104.9908, 10, 8, 50, 188
103, 0.1742, 2.8019, 107.7927, 10, 8, 100, 188
103, 0.1677, 3.8347, 111.6274, 10, 8, 150, 188
3, 0.1613, 3.8284, 115.4559, 10, 8, 200, 188
3, 0.155, 6.3136, 121.7694, 10, 8, 250, 188
3, 0.1488, 7.3192, 129.0886, 10, 8, 300, 188
3, 0.136, 6.6537, 135.7423, 10, 8, 400, 188
3, 0.1119, 7.2488, 142.9911, 10, 8, 600, 188
103, 0.0891, 5.6422, 148.6333, 10, 8, 800, 188
3, 0.1544, 9.6373, 158.2707, 10, 9, 50, 189
3, 0.1441, 7.5391, 165.8097, 10, 9, 100, 189
2, 0.1336, 9.1754, 174.9851, 10, 9, 150, 189
2, 0.1229, 7.3126, 182.2977, 10, 9, 200, 189
2, 0.1124, 9.4515, 191.7492, 10, 9, 250, 189
3, 0.1022, 7.5049, 199.254, 10, 9, 300, 189
2, 0.0822, 4.4471, 203.7012, 10, 9, 400, 189
2, 0.0397, 0.4399, 204.1411, 10, 9, 600, 189
2, 0.0161, 0.2059, 204.3469, 10, 9, 800, 189
2, 0.0349, 0.1575, 204.5045, 10, 10, 50, 190
2, 0.0268, 0.1704, 204.6749, 10, 10, 100, 190
2, 0.0222, 0.151, 204.8259, 10, 10, 150, 190
2, 0.0183, 0.1732, 204.999, 10, 10, 200, 190
2, 0.0153, 0.1524, 205.1515, 10, 10, 250, 190
102, 0.0129, 0.1294, 205.2809, 10, 10, 300, 190
102, 0.0089, 0.1491, 205.43, 10, 10, 400, 190
102, 0.0036, 0.136, 205.566, 10, 10, 600, 190
2, 0, 0.0343, 205.6003, 10, 10, 800, 190