solveResult, pEnvyFree, solveElapsedTime, totalSolveElaspsedTime, |P|, |I|, cash,  fileNumber
4, 0, 0.0059, 0.0166, 1, 1, 50, 1
4, 0, 0.0057, 0.0223, 1, 1, 100, 1
4, 0, 0.0057, 0.028, 1, 1, 150, 1
4, 0, 0.0058, 0.0338, 1, 1, 200, 1
4, 0, 0.0058, 0.0395, 1, 1, 250, 1
4, 0, 0.0056, 0.0451, 1, 1, 300, 1
4, 0, 0.0059, 0.051, 1, 1, 400, 1
4, 0, 0.0056, 0.0567, 1, 1, 600, 1
4, 0, 0.0053, 0.0619, 1, 1, 800, 1
4, 0, 0.006, 0.068, 1, 2, 50, 2
4, 0, 0.0066, 0.0746, 1, 2, 100, 2
4, 0, 0.0055, 0.0801, 1, 2, 150, 2
4, 0, 0.0055, 0.0856, 1, 2, 200, 2
4, 0, 0.0055, 0.0911, 1, 2, 250, 2
4, 0, 0.0054, 0.0965, 1, 2, 300, 2
4, 0, 0.006, 0.1024, 1, 2, 400, 2
4, 0, 0.0064, 0.1088, 1, 2, 600, 2
4, 0, 0.0051, 0.1139, 1, 2, 800, 2
4, 0, 0.0065, 0.1204, 1, 3, 50, 3
4, 0, 0.005, 0.1254, 1, 3, 100, 3
4, 0, 0.006, 0.1314, 1, 3, 150, 3
4, 0, 0.0059, 0.1373, 1, 3, 200, 3
4, 0, 0.006, 0.1434, 1, 3, 250, 3
4, 0, 0.0066, 0.15, 1, 3, 300, 3
4, 0, 0.0063, 0.1563, 1, 3, 400, 3
4, 0, 0.0053, 0.1616, 1, 3, 600, 3
4, 0, 0.0051, 0.1667, 1, 3, 800, 3
4, 0, 0.0054, 0.1722, 1, 4, 50, 4
4, 0, 0.0053, 0.1775, 1, 4, 100, 4
4, 0, 0.0054, 0.1829, 1, 4, 150, 4
4, 0, 0.0063, 0.1892, 1, 4, 200, 4
4, 0, 0.0054, 0.1946, 1, 4, 250, 4
4, 0, 0.0058, 0.2004, 1, 4, 300, 4
4, 0, 0.0059, 0.2063, 1, 4, 400, 4
4, 0, 0.0054, 0.2118, 1, 4, 600, 4
4, 0, 0.0053, 0.2171, 1, 4, 800, 4
4, 0, 0.0055, 0.2226, 1, 5, 50, 5
4, 0, 0.0061, 0.2287, 1, 5, 100, 5
4, 0, 0.0055, 0.2342, 1, 5, 150, 5
4, 0, 0.0053, 0.2395, 1, 5, 200, 5
4, 0, 0.0053, 0.2448, 1, 5, 250, 5
4, 0, 0.0054, 0.2502, 1, 5, 300, 5
4, 0, 0.0057, 0.2559, 1, 5, 400, 5
4, 0, 0.0055, 0.2613, 1, 5, 600, 5
4, 0, 0.005, 0.2663, 1, 5, 800, 5
4, 0, 0.0056, 0.2718, 1, 6, 50, 6
4, 0, 0.0055, 0.2773, 1, 6, 100, 6
4, 0, 0.0054, 0.2827, 1, 6, 150, 6
4, 0, 0.007, 0.2897, 1, 6, 200, 6
4, 0, 0.0058, 0.2955, 1, 6, 250, 6
4, 0, 0.0055, 0.3011, 1, 6, 300, 6
4, 0, 0.0054, 0.3065, 1, 6, 400, 6
4, 0, 0.0052, 0.3116, 1, 6, 600, 6
4, 0, 0.0053, 0.3169, 1, 6, 800, 6
4, 0, 0.0056, 0.3225, 1, 7, 50, 7
4, 0, 0.0052, 0.3277, 1, 7, 100, 7
4, 0, 0.005, 0.3326, 1, 7, 150, 7
4, 0, 0.0052, 0.3378, 1, 7, 200, 7
4, 0, 0.0049, 0.3427, 1, 7, 250, 7
4, 0, 0.0057, 0.3484, 1, 7, 300, 7
4, 0, 0.0051, 0.3535, 1, 7, 400, 7
4, 0, 0.0054, 0.3589, 1, 7, 600, 7
4, 0, 0.0057, 0.3646, 1, 7, 800, 7
4, 0, 0.0056, 0.3703, 1, 8, 50, 8
4, 0, 0.0058, 0.376, 1, 8, 100, 8
4, 0, 0.0052, 0.3812, 1, 8, 150, 8
4, 0, 0.0053, 0.3865, 1, 8, 200, 8
4, 0, 0.0052, 0.3917, 1, 8, 250, 8
4, 0, 0.0049, 0.3966, 1, 8, 300, 8
4, 0, 0.0052, 0.4017, 1, 8, 400, 8
4, 0, 0.0049, 0.4067, 1, 8, 600, 8
4, 0, 0.0047, 0.4114, 1, 8, 800, 8
4, 0, 0.0047, 0.4161, 1, 9, 50, 9
4, 0, 0.0047, 0.4208, 1, 9, 100, 9
4, 0, 0.0046, 0.4254, 1, 9, 150, 9
4, 0, 0.0047, 0.4301, 1, 9, 200, 9
4, 0, 0.0048, 0.4349, 1, 9, 250, 9
4, 0, 0.0046, 0.4396, 1, 9, 300, 9
4, 0, 0.0047, 0.4443, 1, 9, 400, 9
4, 0, 0.0057, 0.45, 1, 9, 600, 9
4, 0, 0.0049, 0.4549, 1, 9, 800, 9
4, 0, 0.0052, 0.4601, 1, 10, 50, 10
4, 0, 0.0048, 0.4649, 1, 10, 100, 10
4, 0, 0.0046, 0.4695, 1, 10, 150, 10
4, 0, 0.0047, 0.4742, 1, 10, 200, 10
4, 0, 0.0047, 0.4789, 1, 10, 250, 10
4, 0, 0.0046, 0.4835, 1, 10, 300, 10
4, 0, 0.0048, 0.4883, 1, 10, 400, 10
4, 0, 0.0053, 0.4936, 1, 10, 600, 10
4, 0, 0.0065, 0.5001, 1, 10, 800, 10
4, 0, 0.0067, 0.5069, 1, 11, 50, 11
4, 0, 0.0059, 0.5128, 1, 11, 100, 11
4, 0, 0.0064, 0.5193, 1, 11, 150, 11
4, 0, 0.0061, 0.5254, 1, 11, 200, 11
4, 0, 0.0065, 0.5319, 1, 11, 250, 11
4, 0, 0.0065, 0.5385, 1, 11, 300, 11
4, 0, 0.0064, 0.5448, 1, 11, 400, 11
4, 0, 0.0063, 0.5511, 1, 11, 600, 11
4, 0, 0.006, 0.5571, 1, 11, 800, 11
4, 0, 0.0067, 0.5638, 1, 12, 50, 12
4, 0, 0.0055, 0.5693, 1, 12, 100, 12
4, 0, 0.0059, 0.5753, 1, 12, 150, 12
4, 0, 0.0053, 0.5806, 1, 12, 200, 12
4, 0, 0.0059, 0.5865, 1, 12, 250, 12
4, 0, 0.0055, 0.5919, 1, 12, 300, 12
4, 0, 0.0052, 0.5971, 1, 12, 400, 12
4, 0, 0.005, 0.6021, 1, 12, 600, 12
4, 0, 0.005, 0.6071, 1, 12, 800, 12
4, 0, 0.0049, 0.612, 1, 13, 50, 13
4, 0, 0.0049, 0.6169, 1, 13, 100, 13
4, 0, 0.0059, 0.6228, 1, 13, 150, 13
4, 0, 0.0052, 0.628, 1, 13, 200, 13
4, 0, 0.0057, 0.6337, 1, 13, 250, 13
4, 0, 0.0054, 0.6391, 1, 13, 300, 13
4, 0, 0.005, 0.6441, 1, 13, 400, 13
4, 0, 0.0056, 0.6497, 1, 13, 600, 13
4, 0, 0.0051, 0.6548, 1, 13, 800, 13
4, 0, 0.0056, 0.6604, 1, 14, 50, 14
4, 0, 0.0057, 0.6661, 1, 14, 100, 14
4, 0, 0.0051, 0.6712, 1, 14, 150, 14
4, 0, 0.0049, 0.676, 1, 14, 200, 14
4, 0, 0.005, 0.681, 1, 14, 250, 14
4, 0, 0.0051, 0.6861, 1, 14, 300, 14
4, 0, 0.0049, 0.691, 1, 14, 400, 14
4, 0, 0.0049, 0.6959, 1, 14, 600, 14
4, 0, 0.0049, 0.7008, 1, 14, 800, 14
4, 0, 0.0048, 0.7056, 1, 15, 50, 15
4, 0, 0.0056, 0.7112, 1, 15, 100, 15
4, 0, 0.0049, 0.7161, 1, 15, 150, 15
4, 0, 0.0061, 0.7222, 1, 15, 200, 15
4, 0, 0.006, 0.7282, 1, 15, 250, 15
4, 0, 0.0055, 0.7337, 1, 15, 300, 15
4, 0, 0.0048, 0.7385, 1, 15, 400, 15
4, 0, 0.0051, 0.7436, 1, 15, 600, 15
4, 0, 0.0055, 0.749, 1, 15, 800, 15
4, 0, 0.0055, 0.7545, 1, 16, 50, 16
4, 0, 0.0052, 0.7597, 1, 16, 100, 16
4, 0, 0.0053, 0.765, 1, 16, 150, 16
4, 0, 0.005, 0.77, 1, 16, 200, 16
4, 0, 0.0053, 0.7752, 1, 16, 250, 16
4, 0, 0.005, 0.7802, 1, 16, 300, 16
4, 0, 0.005, 0.7853, 1, 16, 400, 16
4, 0, 0.0051, 0.7903, 1, 16, 600, 16
4, 0, 0.0054, 0.7958, 1, 16, 800, 16
4, 0, 0.0066, 0.8024, 1, 17, 50, 17
4, 0, 0.006, 0.8084, 1, 17, 100, 17
4, 0, 0.005, 0.8134, 1, 17, 150, 17
4, 0, 0.0055, 0.8188, 1, 17, 200, 17
4, 0, 0.0059, 0.8247, 1, 17, 250, 17
4, 0, 0.0053, 0.83, 1, 17, 300, 17
4, 0, 0.0064, 0.8364, 1, 17, 400, 17
4, 0, 0.0075, 0.8439, 1, 17, 600, 17
4, 0, 0.0061, 0.8499, 1, 17, 800, 17
4, 0, 0.0063, 0.8562, 1, 18, 50, 18
4, 0, 0.0053, 0.8615, 1, 18, 100, 18
4, 0, 0.0056, 0.867, 1, 18, 150, 18
4, 0, 0.0055, 0.8725, 1, 18, 200, 18
4, 0, 0.0052, 0.8778, 1, 18, 250, 18
4, 0, 0.0062, 0.884, 1, 18, 300, 18
4, 0, 0.0055, 0.8895, 1, 18, 400, 18
4, 0, 0.0055, 0.8951, 1, 18, 600, 18
4, 0, 0.0057, 0.9007, 1, 18, 800, 18
4, 0, 0.0054, 0.9061, 1, 19, 50, 19
4, 0, 0.0056, 0.9117, 1, 19, 100, 19
4, 0, 0.0049, 0.9166, 1, 19, 150, 19
4, 0, 0.005, 0.9216, 1, 19, 200, 19
4, 0, 0.0053, 0.9269, 1, 19, 250, 19
4, 0, 0.006, 0.9329, 1, 19, 300, 19
4, 0, 0.0065, 0.9394, 1, 19, 400, 19
4, 0, 0.0065, 0.9459, 1, 19, 600, 19
4, 0, 0.0061, 0.952, 1, 19, 800, 19
4, 0, 0.0059, 0.9579, 1, 20, 50, 20
4, 0, 0.0062, 0.9641, 1, 20, 100, 20
4, 0, 0.0054, 0.9695, 1, 20, 150, 20
4, 0, 0.0055, 0.975, 1, 20, 200, 20
4, 0, 0.0058, 0.9807, 1, 20, 250, 20
4, 0, 0.0061, 0.9869, 1, 20, 300, 20
4, 0, 0.0059, 0.9928, 1, 20, 400, 20
4, 0, 0.0062, 0.999, 1, 20, 600, 20
4, 0, 0.0052, 1.0042, 1, 20, 800, 20
2, 0.8216, 0.009, 1.0132, 2, 1, 50, 21
2, 0.6723, 0.0107, 1.0239, 2, 1, 100, 21
2, 0.5457, 0.0092, 1.0331, 2, 1, 150, 21
2, 0.4369, 0.0093, 1.0424, 2, 1, 200, 21
2, 0.3425, 0.0091, 1.0515, 2, 1, 250, 21
2, 0.2596, 0.0098, 1.0614, 2, 1, 300, 21
2, 0.1213, 0.0095, 1.0708, 2, 1, 400, 21
2, 0, 0.0089, 1.0798, 2, 1, 600, 21
2, 0, 0.0082, 1.088, 2, 1, 800, 21
2, 0, 0.0089, 1.0968, 2, 2, 50, 22
2, 0, 0.0069, 1.1038, 2, 2, 100, 22
2, 0, 0.0071, 1.1109, 2, 2, 150, 22
2, 0, 0.0081, 1.119, 2, 2, 200, 22
2, 0, 0.0076, 1.1265, 2, 2, 250, 22
2, 0, 0.0075, 1.134, 2, 2, 300, 22
2, 0, 0.0081, 1.1422, 2, 2, 400, 22
2, 0, 0.0119, 1.154, 2, 2, 600, 22
2, 0, 0.0091, 1.1631, 2, 2, 800, 22
2, 0.0155, 0.0516, 1.2147, 2, 3, 50, 23
2, 0, 0.0218, 1.2364, 2, 3, 100, 23
2, 0, 0.0084, 1.2448, 2, 3, 150, 23
2, 0, 0.0092, 1.2541, 2, 3, 200, 23
2, 0, 0.0081, 1.2622, 2, 3, 250, 23
2, 0, 0.0085, 1.2707, 2, 3, 300, 23
2, 0, 0.0079, 1.2786, 2, 3, 400, 23
2, 0, 0.0107, 1.2894, 2, 3, 600, 23
2, 0, 0.0079, 1.2973, 2, 3, 800, 23
2, 0, 0.0097, 1.307, 2, 4, 50, 24
2, 0, 0.0088, 1.3158, 2, 4, 100, 24
2, 0, 0.0085, 1.3243, 2, 4, 150, 24
2, 0, 0.0083, 1.3326, 2, 4, 200, 24
2, 0, 0.0098, 1.3424, 2, 4, 250, 24
2, 0, 0.01, 1.3524, 2, 4, 300, 24
2, 0, 0.0079, 1.3603, 2, 4, 400, 24
2, 0, 0.0076, 1.3679, 2, 4, 600, 24
2, 0, 0.0074, 1.3753, 2, 4, 800, 24
2, 0, 0.0088, 1.3841, 2, 5, 50, 25
2, 0, 0.0079, 1.392, 2, 5, 100, 25
2, 0, 0.0103, 1.4023, 2, 5, 150, 25
2, 0, 0.0096, 1.412, 2, 5, 200, 25
2, 0, 0.008, 1.4199, 2, 5, 250, 25
2, 0, 0.01, 1.4299, 2, 5, 300, 25
2, 0, 0.0106, 1.4405, 2, 5, 400, 25
2, 0, 0.0081, 1.4486, 2, 5, 600, 25
2, 0, 0.0082, 1.4569, 2, 5, 800, 25
2, 0, 0.0117, 1.4686, 2, 6, 50, 26
2, 0, 0.0088, 1.4774, 2, 6, 100, 26
2, 0, 0.0088, 1.4862, 2, 6, 150, 26
2, 0, 0.0108, 1.497, 2, 6, 200, 26
2, 0, 0.0103, 1.5073, 2, 6, 250, 26
2, 0, 0.0098, 1.5171, 2, 6, 300, 26
2, 0, 0.0098, 1.5268, 2, 6, 400, 26
2, 0, 0.0109, 1.5377, 2, 6, 600, 26
2, 0, 0.0094, 1.5471, 2, 6, 800, 26
2, 0, 0.0092, 1.5563, 2, 7, 50, 27
2, 0, 0.0086, 1.5649, 2, 7, 100, 27
2, 0, 0.0119, 1.5768, 2, 7, 150, 27
2, 0, 0.0088, 1.5857, 2, 7, 200, 27
2, 0, 0.0088, 1.5944, 2, 7, 250, 27
2, 0, 0.0089, 1.6033, 2, 7, 300, 27
2, 0, 0.0086, 1.6119, 2, 7, 400, 27
2, 0, 0.0088, 1.6207, 2, 7, 600, 27
2, 0, 0.0077, 1.6284, 2, 7, 800, 27
2, 0, 0.041, 1.6694, 2, 8, 50, 28
2, 0, 0.008, 1.6774, 2, 8, 100, 28
2, 0, 0.008, 1.6854, 2, 8, 150, 28
2, 0, 0.0083, 1.6937, 2, 8, 200, 28
2, 0, 0.0091, 1.7028, 2, 8, 250, 28
2, 0, 0.0089, 1.7117, 2, 8, 300, 28
2, 0, 0.0087, 1.7205, 2, 8, 400, 28
2, 0, 0.0086, 1.7291, 2, 8, 600, 28
2, 0, 0.0093, 1.7384, 2, 8, 800, 28
2, 0, 0.0092, 1.7476, 2, 9, 50, 29
2, 0, 0.0082, 1.7558, 2, 9, 100, 29
2, 0, 0.0081, 1.7639, 2, 9, 150, 29
2, 0, 0.0086, 1.7725, 2, 9, 200, 29
2, 0, 0.0085, 1.7809, 2, 9, 250, 29
2, 0, 0.0098, 1.7907, 2, 9, 300, 29
2, 0, 0.0095, 1.8002, 2, 9, 400, 29
2, 0, 0.0089, 1.8091, 2, 9, 600, 29
2, 0, 0.0088, 1.8179, 2, 9, 800, 29
2, 0, 0.1321, 1.95, 2, 10, 50, 30
2, 0, 0.0103, 1.9603, 2, 10, 100, 30
2, 0, 0.0121, 1.9724, 2, 10, 150, 30
2, 0, 0.0126, 1.985, 2, 10, 200, 30
2, 0, 0.0104, 1.9954, 2, 10, 250, 30
2, 0, 0.01, 2.0054, 2, 10, 300, 30
2, 0, 0.0093, 2.0147, 2, 10, 400, 30
2, 0, 0.0096, 2.0243, 2, 10, 600, 30
2, 0, 0.0113, 2.0356, 2, 10, 800, 30
2, 0, 0.0227, 2.0582, 2, 11, 50, 31
2, 0, 0.0157, 2.074, 2, 11, 100, 31
2, 0, 0.0135, 2.0874, 2, 11, 150, 31
2, 0, 0.0093, 2.0967, 2, 11, 200, 31
2, 0, 0.0082, 2.1049, 2, 11, 250, 31
2, 0, 0.0091, 2.114, 2, 11, 300, 31
2, 0, 0.0087, 2.1227, 2, 11, 400, 31
2, 0, 0.0087, 2.1314, 2, 11, 600, 31
2, 0, 0.0098, 2.1412, 2, 11, 800, 31
2, 0, 0.0114, 2.1526, 2, 12, 50, 32
2, 0, 0.0098, 2.1624, 2, 12, 100, 32
2, 0, 0.0101, 2.1725, 2, 12, 150, 32
2, 0, 0.0095, 2.1819, 2, 12, 200, 32
2, 0, 0.0091, 2.1911, 2, 12, 250, 32
2, 0, 0.0085, 2.1995, 2, 12, 300, 32
2, 0, 0.0112, 2.2108, 2, 12, 400, 32
2, 0, 0.0078, 2.2186, 2, 12, 600, 32
2, 0, 0.0076, 2.2262, 2, 12, 800, 32
2, 0, 0.0084, 2.2346, 2, 13, 50, 33
2, 0, 0.0075, 2.2421, 2, 13, 100, 33
2, 0, 0.0078, 2.2498, 2, 13, 150, 33
2, 0, 0.0084, 2.2582, 2, 13, 200, 33
2, 0, 0.0077, 2.2659, 2, 13, 250, 33
2, 0, 0.0077, 2.2736, 2, 13, 300, 33
2, 0, 0.0074, 2.281, 2, 13, 400, 33
2, 0, 0.0075, 2.2885, 2, 13, 600, 33
2, 0, 0.0076, 2.2961, 2, 13, 800, 33
2, 0, 0.0094, 2.3056, 2, 14, 50, 34
2, 0, 0.0075, 2.3131, 2, 14, 100, 34
2, 0, 0.0082, 2.3213, 2, 14, 150, 34
2, 0, 0.0093, 2.3306, 2, 14, 200, 34
2, 0, 0.0097, 2.3403, 2, 14, 250, 34
2, 0, 0.0098, 2.35, 2, 14, 300, 34
2, 0, 0.0082, 2.3582, 2, 14, 400, 34
2, 0, 0.0092, 2.3674, 2, 14, 600, 34
2, 0, 0.0095, 2.3769, 2, 14, 800, 34
2, 0, 0.0105, 2.3874, 2, 15, 50, 35
2, 0, 0.0097, 2.3972, 2, 15, 100, 35
2, 0, 0.0094, 2.4066, 2, 15, 150, 35
2, 0, 0.0084, 2.415, 2, 15, 200, 35
2, 0, 0.0103, 2.4253, 2, 15, 250, 35
2, 0, 0.0092, 2.4345, 2, 15, 300, 35
2, 0, 0.0095, 2.444, 2, 15, 400, 35
2, 0, 0.0084, 2.4524, 2, 15, 600, 35
2, 0, 0.0083, 2.4607, 2, 15, 800, 35
2, 0, 0.0102, 2.4709, 2, 16, 50, 36
2, 0, 0.0083, 2.4791, 2, 16, 100, 36
2, 0, 0.0091, 2.4882, 2, 16, 150, 36
2, 0, 0.0091, 2.4972, 2, 16, 200, 36
2, 0, 0.0116, 2.5089, 2, 16, 250, 36
2, 0, 0.0128, 2.5217, 2, 16, 300, 36
2, 0, 0.0113, 2.5329, 2, 16, 400, 36
2, 0, 0.0108, 2.5437, 2, 16, 600, 36
2, 0, 0.0099, 2.5536, 2, 16, 800, 36
2, 0, 0.0148, 2.5684, 2, 17, 50, 37
2, 0, 0.0085, 2.5769, 2, 17, 100, 37
2, 0, 0.0082, 2.5851, 2, 17, 150, 37
2, 0, 0.0079, 2.593, 2, 17, 200, 37
2, 0, 0.0084, 2.6014, 2, 17, 250, 37
2, 0, 0.0081, 2.6096, 2, 17, 300, 37
2, 0, 0.0096, 2.6192, 2, 17, 400, 37
2, 0, 0.0079, 2.6271, 2, 17, 600, 37
2, 0, 0.008, 2.6351, 2, 17, 800, 37
2, 0, 0.0097, 2.6449, 2, 18, 50, 38
2, 0, 0.0105, 2.6554, 2, 18, 100, 38
2, 0, 0.0096, 2.665, 2, 18, 150, 38
2, 0, 0.0088, 2.6738, 2, 18, 200, 38
2, 0, 0.0091, 2.6828, 2, 18, 250, 38
2, 0, 0.0088, 2.6917, 2, 18, 300, 38
2, 0, 0.0105, 2.7022, 2, 18, 400, 38
2, 0, 0.0094, 2.7116, 2, 18, 600, 38
2, 0, 0.0108, 2.7224, 2, 18, 800, 38
2, 0, 0.0103, 2.7326, 2, 19, 50, 39
2, 0, 0.0095, 2.7421, 2, 19, 100, 39
2, 0, 0.0096, 2.7517, 2, 19, 150, 39
2, 0, 0.0093, 2.7611, 2, 19, 200, 39
2, 0, 0.0088, 2.7699, 2, 19, 250, 39
2, 0, 0.01, 2.7799, 2, 19, 300, 39
2, 0, 0.0098, 2.7897, 2, 19, 400, 39
2, 0, 0.009, 2.7987, 2, 19, 600, 39
2, 0, 0.009, 2.8077, 2, 19, 800, 39
2, 0, 0.0105, 2.8183, 2, 20, 50, 40
2, 0, 0.0093, 2.8275, 2, 20, 100, 40
2, 0, 0.0088, 2.8363, 2, 20, 150, 40
2, 0, 0.012, 2.8483, 2, 20, 200, 40
2, 0, 0.0101, 2.8584, 2, 20, 250, 40
2, 0, 0.0102, 2.8686, 2, 20, 300, 40
2, 0, 0.0101, 2.8787, 2, 20, 400, 40
2, 0, 0.0093, 2.888, 2, 20, 600, 40
2, 0, 0.0098, 2.8978, 2, 20, 800, 40
2, 0.8974, 0.0126, 2.9104, 3, 1, 50, 41
2, 0.8079, 0.0134, 2.9238, 3, 1, 100, 41
2, 0.7292, 0.0265, 2.9503, 3, 1, 150, 41
2, 0.6595, 0.0181, 2.9683, 3, 1, 200, 41
2, 0.5972, 0.0215, 2.9898, 3, 1, 250, 41
2, 0.5413, 0.013, 3.0029, 3, 1, 300, 41
2, 0.445, 0.0222, 3.0251, 3, 1, 400, 41
2, 0.2974, 0.0262, 3.0513, 3, 1, 600, 41
2, 0.1897, 0.0226, 3.0739, 3, 1, 800, 41
2, 0.5148, 0.0607, 3.1346, 3, 2, 50, 42
2, 0.4243, 0.0085, 3.1431, 3, 2, 100, 42
2, 0.3937, 0.0086, 3.1517, 3, 2, 150, 42
2, 0.3656, 0.0092, 3.1609, 3, 2, 200, 42
2, 0.3395, 0.0092, 3.1701, 3, 2, 250, 42
2, 0.3153, 0.0093, 3.1794, 3, 2, 300, 42
2, 0.2717, 0.0109, 3.1903, 3, 2, 400, 42
2, 0.1812, 0.0291, 3.2193, 3, 2, 600, 42
2, 0.1156, 0.0444, 3.2637, 3, 2, 800, 42
2, 0, 0.0121, 3.2758, 3, 3, 50, 43
2, 0, 0.0096, 3.2854, 3, 3, 100, 43
2, 0, 0.0101, 3.2955, 3, 3, 150, 43
2, 0, 0.0137, 3.3092, 3, 3, 200, 43
2, 0, 0.0103, 3.3195, 3, 3, 250, 43
2, 0, 0.0098, 3.3293, 3, 3, 300, 43
2, 0, 0.0112, 3.3405, 3, 3, 400, 43
2, 0, 0.0153, 3.3558, 3, 3, 600, 43
2, 0, 0.0102, 3.366, 3, 3, 800, 43
2, 0.1357, 0.1641, 3.5301, 3, 4, 50, 44
2, 0.1174, 0.0298, 3.5599, 3, 4, 100, 44
2, 0.0996, 0.0195, 3.5794, 3, 4, 150, 44
2, 0.0838, 0.0234, 3.6028, 3, 4, 200, 44
2, 0.0671, 0.019, 3.6219, 3, 4, 250, 44
2, 0.051, 0.0193, 3.6412, 3, 4, 300, 44
102, 0.0276, 0.021, 3.6622, 3, 4, 400, 44
102, 0.0067, 0.0206, 3.6828, 3, 4, 600, 44
2, 0, 0.0085, 3.6913, 3, 4, 800, 44
2, 0, 0.0171, 3.7084, 3, 5, 50, 45
2, 0, 0.0076, 3.716, 3, 5, 100, 45
2, 0, 0.0079, 3.724, 3, 5, 150, 45
2, 0, 0.0078, 3.7318, 3, 5, 200, 45
2, 0, 0.008, 3.7398, 3, 5, 250, 45
2, 0, 0.0077, 3.7475, 3, 5, 300, 45
2, 0, 0.0083, 3.7559, 3, 5, 400, 45
2, 0, 0.0094, 3.7652, 3, 5, 600, 45
2, 0, 0.01, 3.7752, 3, 5, 800, 45
2, 0, 0.082, 3.8572, 3, 6, 50, 46
2, 0, 0.0097, 3.8669, 3, 6, 100, 46
2, 0, 0.0086, 3.8754, 3, 6, 150, 46
2, 0, 0.0087, 3.8842, 3, 6, 200, 46
2, 0, 0.009, 3.8932, 3, 6, 250, 46
2, 0, 0.0086, 3.9018, 3, 6, 300, 46
2, 0, 0.0092, 3.911, 3, 6, 400, 46
2, 0, 0.0135, 3.9245, 3, 6, 600, 46
2, 0, 0.0083, 3.9328, 3, 6, 800, 46
2, 0, 0.0121, 3.9448, 3, 7, 50, 47
2, 0, 0.0094, 3.9543, 3, 7, 100, 47
2, 0, 0.012, 3.9662, 3, 7, 150, 47
2, 0, 0.0091, 3.9753, 3, 7, 200, 47
2, 0, 0.0088, 3.9842, 3, 7, 250, 47
2, 0, 0.0094, 3.9936, 3, 7, 300, 47
2, 0, 0.0105, 4.0042, 3, 7, 400, 47
2, 0, 0.0102, 4.0144, 3, 7, 600, 47
2, 0, 0.0106, 4.025, 3, 7, 800, 47
2, 0, 0.0275, 4.0525, 3, 8, 50, 48
2, 0, 0.0095, 4.062, 3, 8, 100, 48
2, 0, 0.0097, 4.0718, 3, 8, 150, 48
2, 0, 0.0083, 4.0801, 3, 8, 200, 48
2, 0, 0.0091, 4.0892, 3, 8, 250, 48
2, 0, 0.0095, 4.0986, 3, 8, 300, 48
2, 0, 0.0092, 4.1078, 3, 8, 400, 48
2, 0, 0.0083, 4.1161, 3, 8, 600, 48
2, 0, 0.0125, 4.1286, 3, 8, 800, 48
2, 0, 0.0539, 4.1825, 3, 9, 50, 49
2, 0, 0.0105, 4.193, 3, 9, 100, 49
2, 0, 0.0171, 4.21, 3, 9, 150, 49
2, 0, 0.0098, 4.2198, 3, 9, 200, 49
2, 0, 0.0115, 4.2313, 3, 9, 250, 49
2, 0, 0.0109, 4.2422, 3, 9, 300, 49
2, 0, 0.0099, 4.252, 3, 9, 400, 49
2, 0, 0.0106, 4.2627, 3, 9, 600, 49
2, 0, 0.0082, 4.2709, 3, 9, 800, 49
2, 0, 0.0979, 4.3688, 3, 10, 50, 50
2, 0, 0.0093, 4.3781, 3, 10, 100, 50
2, 0, 0.009, 4.3872, 3, 10, 150, 50
2, 0, 0.009, 4.3962, 3, 10, 200, 50
2, 0, 0.011, 4.4072, 3, 10, 250, 50
2, 0, 0.011, 4.4182, 3, 10, 300, 50
2, 0, 0.0159, 4.4341, 3, 10, 400, 50
2, 0, 0.0093, 4.4434, 3, 10, 600, 50
2, 0, 0.0135, 4.4569, 3, 10, 800, 50
2, 0, 0.0216, 4.4786, 3, 11, 50, 51
2, 0, 0.0093, 4.4879, 3, 11, 100, 51
2, 0, 0.009, 4.4969, 3, 11, 150, 51
2, 0, 0.0091, 4.506, 3, 11, 200, 51
2, 0, 0.0083, 4.5143, 3, 11, 250, 51
2, 0, 0.0083, 4.5226, 3, 11, 300, 51
2, 0, 0.0078, 4.5304, 3, 11, 400, 51
2, 0, 0.0079, 4.5383, 3, 11, 600, 51
2, 0, 0.0079, 4.5462, 3, 11, 800, 51
2, 0, 0.0189, 4.5651, 3, 12, 50, 52
2, 0, 0.0096, 4.5747, 3, 12, 100, 52
2, 0, 0.0087, 4.5834, 3, 12, 150, 52
2, 0, 0.0083, 4.5917, 3, 12, 200, 52
2, 0, 0.0085, 4.6002, 3, 12, 250, 52
2, 0, 0.0078, 4.608, 3, 12, 300, 52
2, 0, 0.0148, 4.6228, 3, 12, 400, 52
2, 0, 0.008, 4.6308, 3, 12, 600, 52
2, 0, 0.0084, 4.6391, 3, 12, 800, 52
2, 0, 0.0352, 4.6743, 3, 13, 50, 53
2, 0, 0.0082, 4.6825, 3, 13, 100, 53
2, 0, 0.0087, 4.6912, 3, 13, 150, 53
2, 0, 0.0093, 4.7005, 3, 13, 200, 53
2, 0, 0.0081, 4.7086, 3, 13, 250, 53
2, 0, 0.0086, 4.7172, 3, 13, 300, 53
2, 0, 0.009, 4.7262, 3, 13, 400, 53
2, 0, 0.0082, 4.7344, 3, 13, 600, 53
2, 0, 0.0132, 4.7477, 3, 13, 800, 53
2, 0, 0.0148, 4.7624, 3, 14, 50, 54
2, 0, 0.0094, 4.7718, 3, 14, 100, 54
2, 0, 0.0099, 4.7817, 3, 14, 150, 54
2, 0, 0.0087, 4.7904, 3, 14, 200, 54
2, 0, 0.0086, 4.799, 3, 14, 250, 54
2, 0, 0.0081, 4.8071, 3, 14, 300, 54
2, 0, 0.008, 4.8151, 3, 14, 400, 54
2, 0, 0.0079, 4.8231, 3, 14, 600, 54
2, 0, 0.0114, 4.8345, 3, 14, 800, 54
2, 0, 0.0323, 4.8668, 3, 15, 50, 55
2, 0, 0.008, 4.8748, 3, 15, 100, 55
2, 0, 0.0079, 4.8827, 3, 15, 150, 55
2, 0, 0.008, 4.8907, 3, 15, 200, 55
2, 0, 0.0079, 4.8987, 3, 15, 250, 55
2, 0, 0.008, 4.9067, 3, 15, 300, 55
2, 0, 0.008, 4.9147, 3, 15, 400, 55
2, 0, 0.0118, 4.9264, 3, 15, 600, 55
2, 0, 0.0084, 4.9349, 3, 15, 800, 55
2, 0, 0.0147, 4.9495, 3, 16, 50, 56
2, 0, 0.0097, 4.9593, 3, 16, 100, 56
2, 0, 0.0084, 4.9677, 3, 16, 150, 56
2, 0, 0.0088, 4.9765, 3, 16, 200, 56
2, 0, 0.0082, 4.9847, 3, 16, 250, 56
2, 0, 0.0084, 4.9931, 3, 16, 300, 56
2, 0, 0.012, 5.0052, 3, 16, 400, 56
2, 0, 0.0084, 5.0135, 3, 16, 600, 56
2, 0, 0.0086, 5.0221, 3, 16, 800, 56
2, 0, 0.0284, 5.0505, 3, 17, 50, 57
2, 0, 0.009, 5.0595, 3, 17, 100, 57
2, 0, 0.0095, 5.069, 3, 17, 150, 57
2, 0, 0.0108, 5.0798, 3, 17, 200, 57
2, 0, 0.0111, 5.0909, 3, 17, 250, 57
2, 0, 0.0127, 5.1036, 3, 17, 300, 57
2, 0, 0.0204, 5.124, 3, 17, 400, 57
2, 0, 0.0124, 5.1363, 3, 17, 600, 57
2, 0, 0.0121, 5.1484, 3, 17, 800, 57
2, 0, 0.0185, 5.1669, 3, 18, 50, 58
2, 0, 0.0103, 5.1772, 3, 18, 100, 58
2, 0, 0.0105, 5.1878, 3, 18, 150, 58
2, 0, 0.0107, 5.1985, 3, 18, 200, 58
2, 0, 0.0107, 5.2092, 3, 18, 250, 58
2, 0, 0.01, 5.2192, 3, 18, 300, 58
2, 0, 0.009, 5.2281, 3, 18, 400, 58
2, 0, 0.01, 5.2381, 3, 18, 600, 58
2, 0, 0.0122, 5.2503, 3, 18, 800, 58
2, 0, 0.0164, 5.2667, 3, 19, 50, 59
2, 0, 0.0084, 5.2751, 3, 19, 100, 59
2, 0, 0.0088, 5.2839, 3, 19, 150, 59
2, 0, 0.0081, 5.292, 3, 19, 200, 59
2, 0, 0.0094, 5.3014, 3, 19, 250, 59
2, 0, 0.0088, 5.3102, 3, 19, 300, 59
2, 0, 0.0151, 5.3253, 3, 19, 400, 59
2, 0, 0.0082, 5.3335, 3, 19, 600, 59
2, 0, 0.0088, 5.3422, 3, 19, 800, 59
2, 0, 0.0132, 5.3554, 3, 20, 50, 60
2, 0, 0.0082, 5.3636, 3, 20, 100, 60
2, 0, 0.0087, 5.3723, 3, 20, 150, 60
2, 0, 0.0122, 5.3845, 3, 20, 200, 60
2, 0, 0.0098, 5.3943, 3, 20, 250, 60
2, 0, 0.0095, 5.4039, 3, 20, 300, 60
2, 0, 0.0095, 5.4134, 3, 20, 400, 60
2, 0, 0.0098, 5.4232, 3, 20, 600, 60
2, 0, 0.0093, 5.4325, 3, 20, 800, 60
2, 0.6817, 0.0276, 5.4601, 4, 1, 50, 61
2, 0.4861, 0.0219, 5.482, 4, 1, 100, 61
2, 0.3537, 0.0263, 5.5083, 4, 1, 150, 61
2, 0.2581, 0.0259, 5.5343, 4, 1, 200, 61
2, 0.1947, 0.0226, 5.5569, 4, 1, 250, 61
2, 0.1477, 0.018, 5.5748, 4, 1, 300, 61
2, 0.0852, 0.0333, 5.6081, 4, 1, 400, 61
2, 0.0123, 0.0325, 5.6406, 4, 1, 600, 61
2, 0, 0.0098, 5.6504, 4, 1, 800, 61
102, 0.4702, 0.0296, 5.6799, 4, 2, 50, 62
2, 0.4346, 0.0222, 5.7021, 4, 2, 100, 62
2, 0.4014, 0.0224, 5.7245, 4, 2, 150, 62
2, 0.3705, 0.0195, 5.7441, 4, 2, 200, 62
2, 0.3417, 0.0192, 5.7633, 4, 2, 250, 62
2, 0.3147, 0.0179, 5.7812, 4, 2, 300, 62
2, 0.2656, 0.015, 5.7962, 4, 2, 400, 62
2, 0.1832, 0.0149, 5.8111, 4, 2, 600, 62
2, 0.1183, 0.0187, 5.8298, 4, 2, 800, 62
2, 0.3554, 0.023, 5.8528, 4, 3, 50, 63
2, 0.3022, 0.0212, 5.874, 4, 3, 100, 63
2, 0.2529, 0.042, 5.9159, 4, 3, 150, 63
2, 0.2073, 0.0163, 5.9322, 4, 3, 200, 63
2, 0.1649, 0.0642, 5.9965, 4, 3, 250, 63
2, 0.1322, 0.1143, 6.1108, 4, 3, 300, 63
2, 0.0556, 0.0234, 6.1342, 4, 3, 400, 63
2, 0, 0.0117, 6.1459, 4, 3, 600, 63
2, 0, 0.0099, 6.1558, 4, 3, 800, 63
2, 0.0567, 0.0167, 6.1725, 4, 4, 50, 64
2, 0.0346, 0.0213, 6.1938, 4, 4, 100, 64
2, 0.0196, 0.0162, 6.21, 4, 4, 150, 64
2, 0.0054, 0.0316, 6.2416, 4, 4, 200, 64
2, 0.0013, 0.0425, 6.2841, 4, 4, 250, 64
2, 0, 0.0101, 6.2942, 4, 4, 300, 64
2, 0, 0.0164, 6.3106, 4, 4, 400, 64
2, 0, 0.0133, 6.3239, 4, 4, 600, 64
2, 0, 0.0099, 6.3338, 4, 4, 800, 64
2, 0, 0.1583, 6.4922, 4, 5, 50, 65
2, 0, 0.0083, 6.5004, 4, 5, 100, 65
2, 0, 0.0087, 6.5091, 4, 5, 150, 65
2, 0, 0.0084, 6.5175, 4, 5, 200, 65
2, 0, 0.0082, 6.5257, 4, 5, 250, 65
2, 0, 0.0083, 6.534, 4, 5, 300, 65
2, 0, 0.0143, 6.5483, 4, 5, 400, 65
2, 0, 0.0087, 6.557, 4, 5, 600, 65
2, 0, 0.0086, 6.5656, 4, 5, 800, 65
2, 0.0105, 0.0208, 6.5864, 4, 6, 50, 66
2, 0, 0.0166, 6.603, 4, 6, 100, 66
2, 0, 0.0097, 6.6127, 4, 6, 150, 66
2, 0, 0.0134, 6.626, 4, 6, 200, 66
2, 0, 0.0091, 6.6351, 4, 6, 250, 66
2, 0, 0.0079, 6.6429, 4, 6, 300, 66
2, 0, 0.0083, 6.6512, 4, 6, 400, 66
2, 0, 0.0079, 6.6591, 4, 6, 600, 66
2, 0, 0.0129, 6.672, 4, 6, 800, 66
2, 0, 0.0489, 6.7209, 4, 7, 50, 67
2, 0, 0.0095, 6.7304, 4, 7, 100, 67
2, 0, 0.0084, 6.7388, 4, 7, 150, 67
2, 0, 0.0082, 6.747, 4, 7, 200, 67
2, 0, 0.0091, 6.756, 4, 7, 250, 67
2, 0, 0.009, 6.765, 4, 7, 300, 67
2, 0, 0.0087, 6.7737, 4, 7, 400, 67
2, 0, 0.0085, 6.7822, 4, 7, 600, 67
2, 0, 0.0079, 6.7901, 4, 7, 800, 67
2, 0, 0.0413, 6.8313, 4, 8, 50, 68
2, 0, 0.0105, 6.8418, 4, 8, 100, 68
2, 0, 0.0104, 6.8522, 4, 8, 150, 68
2, 0, 0.0089, 6.8611, 4, 8, 200, 68
2, 0, 0.0145, 6.8756, 4, 8, 250, 68
2, 0, 0.009, 6.8846, 4, 8, 300, 68
2, 0, 0.0089, 6.8935, 4, 8, 400, 68
2, 0, 0.0143, 6.9078, 4, 8, 600, 68
2, 0, 0.0095, 6.9173, 4, 8, 800, 68
2, 0, 0.0622, 6.9795, 4, 9, 50, 69
2, 0, 0.0146, 6.9942, 4, 9, 100, 69
2, 0, 0.0096, 7.0037, 4, 9, 150, 69
2, 0, 0.0095, 7.0132, 4, 9, 200, 69
2, 0, 0.0098, 7.023, 4, 9, 250, 69
2, 0, 0.0105, 7.0335, 4, 9, 300, 69
2, 0, 0.0167, 7.0502, 4, 9, 400, 69
2, 0, 0.0094, 7.0596, 4, 9, 600, 69
2, 0, 0.014, 7.0736, 4, 9, 800, 69
2, 0, 0.0165, 7.0901, 4, 10, 50, 70
2, 0, 0.0093, 7.0995, 4, 10, 100, 70
2, 0, 0.0099, 7.1093, 4, 10, 150, 70
2, 0, 0.0089, 7.1182, 4, 10, 200, 70
2, 0, 0.0097, 7.128, 4, 10, 250, 70
2, 0, 0.0095, 7.1374, 4, 10, 300, 70
2, 0, 0.0113, 7.1488, 4, 10, 400, 70
2, 0, 0.0101, 7.1589, 4, 10, 600, 70
2, 0, 0.0094, 7.1683, 4, 10, 800, 70
2, 0, 0.015, 7.1833, 4, 11, 50, 71
2, 0, 0.0102, 7.1936, 4, 11, 100, 71
2, 0, 0.0093, 7.2029, 4, 11, 150, 71
2, 0, 0.0105, 7.2134, 4, 11, 200, 71
2, 0, 0.0096, 7.2231, 4, 11, 250, 71
2, 0, 0.0097, 7.2327, 4, 11, 300, 71
2, 0, 0.0096, 7.2423, 4, 11, 400, 71
2, 0, 0.0139, 7.2562, 4, 11, 600, 71
2, 0, 0.0096, 7.2658, 4, 11, 800, 71
2, 0, 0.0362, 7.302, 4, 12, 50, 72
2, 0, 0.0098, 7.3118, 4, 12, 100, 72
2, 0, 0.0094, 7.3212, 4, 12, 150, 72
2, 0, 0.0099, 7.3311, 4, 12, 200, 72
2, 0, 0.0095, 7.3406, 4, 12, 250, 72
2, 0, 0.0095, 7.3502, 4, 12, 300, 72
2, 0, 0.0095, 7.3597, 4, 12, 400, 72
2, 0, 0.0108, 7.3705, 4, 12, 600, 72
2, 0, 0.0151, 7.3856, 4, 12, 800, 72
2, 0, 0.056, 7.4416, 4, 13, 50, 73
2, 0, 0.0082, 7.4498, 4, 13, 100, 73
2, 0, 0.0086, 7.4584, 4, 13, 150, 73
2, 0, 0.0087, 7.467, 4, 13, 200, 73
2, 0, 0.0092, 7.4762, 4, 13, 250, 73
2, 0, 0.0102, 7.4864, 4, 13, 300, 73
2, 0, 0.0126, 7.499, 4, 13, 400, 73
2, 0, 0.0084, 7.5074, 4, 13, 600, 73
2, 0, 0.0096, 7.517, 4, 13, 800, 73
2, 0, 0.0491, 7.5661, 4, 14, 50, 74
2, 0, 0.0095, 7.5757, 4, 14, 100, 74
2, 0, 0.0105, 7.5862, 4, 14, 150, 74
2, 0, 0.0112, 7.5974, 4, 14, 200, 74
2, 0, 0.0098, 7.6072, 4, 14, 250, 74
2, 0, 0.0095, 7.6168, 4, 14, 300, 74
2, 0, 0.0152, 7.632, 4, 14, 400, 74
2, 0, 0.0107, 7.6427, 4, 14, 600, 74
2, 0, 0.0175, 7.6602, 4, 14, 800, 74
2, 0, 0.0601, 7.7203, 4, 15, 50, 75
2, 0, 0.0092, 7.7295, 4, 15, 100, 75
2, 0, 0.0097, 7.7391, 4, 15, 150, 75
2, 0, 0.01, 7.7492, 4, 15, 200, 75
2, 0, 0.0085, 7.7577, 4, 15, 250, 75
2, 0, 0.0091, 7.7667, 4, 15, 300, 75
2, 0, 0.0089, 7.7757, 4, 15, 400, 75
2, 0, 0.0092, 7.7848, 4, 15, 600, 75
2, 0, 0.0092, 7.7941, 4, 15, 800, 75
2, 0, 0.0266, 7.8206, 4, 16, 50, 76
2, 0, 0.0089, 7.8295, 4, 16, 100, 76
2, 0, 0.0094, 7.8389, 4, 16, 150, 76
2, 0, 0.0087, 7.8476, 4, 16, 200, 76
2, 0, 0.0094, 7.8571, 4, 16, 250, 76
2, 0, 0.0143, 7.8713, 4, 16, 300, 76
2, 0, 0.0117, 7.883, 4, 16, 400, 76
2, 0, 0.0097, 7.8927, 4, 16, 600, 76
2, 0, 0.0185, 7.9112, 4, 16, 800, 76
2, 0, 0.0135, 7.9248, 4, 17, 50, 77
2, 0, 0.0108, 7.9355, 4, 17, 100, 77
2, 0, 0.0105, 7.946, 4, 17, 150, 77
2, 0, 0.0107, 7.9567, 4, 17, 200, 77
2, 0, 0.015, 7.9717, 4, 17, 250, 77
2, 0, 0.0109, 7.9826, 4, 17, 300, 77
2, 0, 0.0109, 7.9935, 4, 17, 400, 77
2, 0, 0.0094, 8.0029, 4, 17, 600, 77
2, 0, 0.0171, 8.02, 4, 17, 800, 77
2, 0, 0.07, 8.09, 4, 18, 50, 78
2, 0, 0.0106, 8.1006, 4, 18, 100, 78
2, 0, 0.0106, 8.1112, 4, 18, 150, 78
2, 0, 0.0102, 8.1214, 4, 18, 200, 78
2, 0, 0.0098, 8.1311, 4, 18, 250, 78
2, 0, 0.0093, 8.1404, 4, 18, 300, 78
2, 0, 0.0089, 8.1493, 4, 18, 400, 78
2, 0, 0.0101, 8.1594, 4, 18, 600, 78
2, 0, 0.0175, 8.1769, 4, 18, 800, 78
2, 0, 0.0416, 8.2184, 4, 19, 50, 79
2, 0, 0.0101, 8.2286, 4, 19, 100, 79
2, 0, 0.0095, 8.2381, 4, 19, 150, 79
2, 0, 0.0096, 8.2476, 4, 19, 200, 79
2, 0, 0.0097, 8.2573, 4, 19, 250, 79
2, 0, 0.0092, 8.2665, 4, 19, 300, 79
2, 0, 0.0099, 8.2765, 4, 19, 400, 79
2, 0, 0.0119, 8.2884, 4, 19, 600, 79
2, 0, 0.0105, 8.2989, 4, 19, 800, 79
2, 0, 0.0216, 8.3205, 4, 20, 50, 80
2, 0, 0.0094, 8.3299, 4, 20, 100, 80
2, 0, 0.0093, 8.3392, 4, 20, 150, 80
2, 0, 0.0091, 8.3483, 4, 20, 200, 80
2, 0, 0.009, 8.3573, 4, 20, 250, 80
2, 0, 0.0105, 8.3678, 4, 20, 300, 80
2, 0, 0.0105, 8.3784, 4, 20, 400, 80
2, 0, 0.0107, 8.3891, 4, 20, 600, 80
2, 0, 0.0175, 8.4065, 4, 20, 800, 80
2, 0.8868, 0.0652, 8.4717, 5, 1, 50, 81
2, 0.7925, 0.0218, 8.4935, 5, 1, 100, 81
2, 0.7126, 0.0375, 8.531, 5, 1, 150, 81
2, 0.644, 0.0274, 8.5585, 5, 1, 200, 81
2, 0.5846, 0.0171, 8.5755, 5, 1, 250, 81
2, 0.5326, 0.04, 8.6155, 5, 1, 300, 81
2, 0.4459, 0.0251, 8.6406, 5, 1, 400, 81
2, 0.3196, 0.0206, 8.6612, 5, 1, 600, 81
2, 0.2321, 0.0171, 8.6783, 5, 1, 800, 81
2, 0.6876, 0.0248, 8.7031, 5, 2, 50, 82
2, 0.6057, 0.0089, 8.712, 5, 2, 100, 82
2, 0.5507, 0.0089, 8.721, 5, 2, 150, 82
2, 0.5018, 0.0099, 8.7309, 5, 2, 200, 82
2, 0.458, 0.0122, 8.743, 5, 2, 250, 82
2, 0.4185, 0.0122, 8.7552, 5, 2, 300, 82
2, 0.3542, 0.0283, 8.7836, 5, 2, 400, 82
2, 0.2705, 0.0244, 8.808, 5, 2, 600, 82
2, 0.2072, 0.0224, 8.8304, 5, 2, 800, 82
2, 0.4049, 0.0286, 8.859, 5, 3, 50, 83
2, 0.3817, 0.1977, 9.0567, 5, 3, 100, 83
102, 0.3595, 0.0354, 9.0921, 5, 3, 150, 83
102, 0.3332, 0.0222, 9.1143, 5, 3, 200, 83
2, 0.3083, 0.0207, 9.1351, 5, 3, 250, 83
2, 0.285, 0.0351, 9.1702, 5, 3, 300, 83
2, 0.242, 0.0205, 9.1907, 5, 3, 400, 83
2, 0.1669, 0.0678, 9.2585, 5, 3, 600, 83
2, 0.1078, 0.0209, 9.2794, 5, 3, 800, 83
2, 0.3252, 0.0231, 9.3025, 5, 4, 50, 84
2, 0.3019, 0.0231, 9.3257, 5, 4, 100, 84
2, 0.2794, 0.0219, 9.3476, 5, 4, 150, 84
2, 0.248, 0.0232, 9.3708, 5, 4, 200, 84
102, 0.216, 0.0665, 9.4373, 5, 4, 250, 84
102, 0.1856, 0.0216, 9.459, 5, 4, 300, 84
2, 0.134, 0.0986, 9.5575, 5, 4, 400, 84
2, 0.0672, 0.0241, 9.5816, 5, 4, 600, 84
2, 0.0308, 0.022, 9.6037, 5, 4, 800, 84
2, 0.0309, 0.0205, 9.6242, 5, 5, 50, 85
102, 0.0151, 0.0287, 9.6529, 5, 5, 100, 85
2, 0.001, 0.0193, 9.6722, 5, 5, 150, 85
2, 0, 0.0125, 9.6848, 5, 5, 200, 85
2, 0, 0.0081, 9.6928, 5, 5, 250, 85
2, 0, 0.0082, 9.701, 5, 5, 300, 85
2, 0, 0.0081, 9.7091, 5, 5, 400, 85
2, 0, 0.0156, 9.7247, 5, 5, 600, 85
2, 0, 0.0141, 9.7388, 5, 5, 800, 85
2, 0.0754, 0.021, 9.7598, 5, 6, 50, 86
102, 0.0569, 0.02, 9.7798, 5, 6, 100, 86
102, 0.0479, 0.0286, 9.8084, 5, 6, 150, 86
102, 0.0392, 0.0181, 9.8265, 5, 6, 200, 86
102, 0.0308, 0.0185, 9.845, 5, 6, 250, 86
2, 0.0226, 0.0888, 9.9338, 5, 6, 300, 86
2, 0.012, 0.1031, 10.0368, 5, 6, 400, 86
2, 0.0012, 0.0285, 10.0654, 5, 6, 600, 86
2, 0, 0.0154, 10.0808, 5, 6, 800, 86
102, 0.0232, 0.1987, 10.2795, 5, 7, 50, 87
2, 0.0164, 0.1463, 10.4258, 5, 7, 100, 87
2, 0.0098, 0.0271, 10.4529, 5, 7, 150, 87
2, 0.0033, 0.0196, 10.4725, 5, 7, 200, 87
2, 0, 0.0125, 10.485, 5, 7, 250, 87
2, 0, 0.0104, 10.4954, 5, 7, 300, 87
2, 0, 0.0109, 10.5063, 5, 7, 400, 87
2, 0, 0.0103, 10.5167, 5, 7, 600, 87
2, 0, 0.0111, 10.5278, 5, 7, 800, 87
2, 0.0375, 0.1803, 10.7081, 5, 8, 50, 88
2, 0.0267, 0.1807, 10.8888, 5, 8, 100, 88
2, 0.0161, 0.1842, 11.0731, 5, 8, 150, 88
2, 0.0106, 0.1216, 11.1947, 5, 8, 200, 88
102, 0.0076, 0.0677, 11.2624, 5, 8, 250, 88
2, 0.0046, 0.1621, 11.4245, 5, 8, 300, 88
2, 0, 0.0165, 11.4411, 5, 8, 400, 88
2, 0, 0.0114, 11.4525, 5, 8, 600, 88
2, 0, 0.0121, 11.4646, 5, 8, 800, 88
2, 0, 0.1051, 11.5698, 5, 9, 50, 89
2, 0, 0.0093, 11.5791, 5, 9, 100, 89
2, 0, 0.0095, 11.5886, 5, 9, 150, 89
2, 0, 0.0114, 11.6, 5, 9, 200, 89
2, 0, 0.0093, 11.6093, 5, 9, 250, 89
2, 0, 0.0092, 11.6185, 5, 9, 300, 89
2, 0, 0.0176, 11.636, 5, 9, 400, 89
2, 0, 0.0153, 11.6513, 5, 9, 600, 89
2, 0, 0.0156, 11.6669, 5, 9, 800, 89
2, 0, 0.0193, 11.6863, 5, 10, 50, 90
2, 0, 0.0101, 11.6964, 5, 10, 100, 90
2, 0, 0.0101, 11.7065, 5, 10, 150, 90
2, 0, 0.0096, 11.716, 5, 10, 200, 90
2, 0, 0.0106, 11.7267, 5, 10, 250, 90
2, 0, 0.011, 11.7377, 5, 10, 300, 90
2, 0, 0.0103, 11.748, 5, 10, 400, 90
2, 0, 0.017, 11.765, 5, 10, 600, 90
2, 0, 0.0154, 11.7804, 5, 10, 800, 90
2, 0, 0.025, 11.8054, 5, 11, 50, 91
2, 0, 0.0101, 11.8155, 5, 11, 100, 91
2, 0, 0.0095, 11.8249, 5, 11, 150, 91
2, 0, 0.0205, 11.8454, 5, 11, 200, 91
2, 0, 0.0109, 11.8564, 5, 11, 250, 91
2, 0, 0.0104, 11.8667, 5, 11, 300, 91
2, 0, 0.0206, 11.8873, 5, 11, 400, 91
2, 0, 0.01, 11.8973, 5, 11, 600, 91
2, 0, 0.0188, 11.9161, 5, 11, 800, 91
2, 0, 0.0705, 11.9866, 5, 12, 50, 92
2, 0, 0.0093, 11.9959, 5, 12, 100, 92
2, 0, 0.0102, 12.0061, 5, 12, 150, 92
2, 0, 0.0108, 12.0169, 5, 12, 200, 92
2, 0, 0.0186, 12.0355, 5, 12, 250, 92
2, 0, 0.0093, 12.0448, 5, 12, 300, 92
2, 0, 0.0116, 12.0565, 5, 12, 400, 92
2, 0, 0.0143, 12.0708, 5, 12, 600, 92
2, 0, 0.0111, 12.0819, 5, 12, 800, 92
2, 0, 0.1055, 12.1874, 5, 13, 50, 93
2, 0, 0.0119, 12.1993, 5, 13, 100, 93
2, 0, 0.0112, 12.2104, 5, 13, 150, 93
2, 0, 0.0107, 12.2211, 5, 13, 200, 93
2, 0, 0.0093, 12.2304, 5, 13, 250, 93
2, 0, 0.011, 12.2414, 5, 13, 300, 93
2, 0, 0.0142, 12.2556, 5, 13, 400, 93
2, 0, 0.0101, 12.2657, 5, 13, 600, 93
2, 0, 0.012, 12.2777, 5, 13, 800, 93
2, 0, 0.0384, 12.3161, 5, 14, 50, 94
2, 0, 0.0204, 12.3364, 5, 14, 100, 94
2, 0, 0.0112, 12.3476, 5, 14, 150, 94
2, 0, 0.01, 12.3577, 5, 14, 200, 94
2, 0, 0.0192, 12.3769, 5, 14, 250, 94
2, 0, 0.0111, 12.388, 5, 14, 300, 94
2, 0, 0.0119, 12.3999, 5, 14, 400, 94
2, 0, 0.0113, 12.4112, 5, 14, 600, 94
2, 0, 0.0102, 12.4214, 5, 14, 800, 94
2, 0, 0.0693, 12.4907, 5, 15, 50, 95
2, 0, 0.0117, 12.5024, 5, 15, 100, 95
2, 0, 0.0113, 12.5137, 5, 15, 150, 95
2, 0, 0.0115, 12.5252, 5, 15, 200, 95
2, 0, 0.0104, 12.5356, 5, 15, 250, 95
2, 0, 0.013, 12.5486, 5, 15, 300, 95
2, 0, 0.0134, 12.5619, 5, 15, 400, 95
2, 0, 0.0179, 12.5798, 5, 15, 600, 95
2, 0, 0.0117, 12.5915, 5, 15, 800, 95
2, 0, 0.0235, 12.615, 5, 16, 50, 96
2, 0, 0.0104, 12.6255, 5, 16, 100, 96
2, 0, 0.0115, 12.637, 5, 16, 150, 96
2, 0, 0.0112, 12.6482, 5, 16, 200, 96
2, 0, 0.012, 12.6602, 5, 16, 250, 96
2, 0, 0.0109, 12.6711, 5, 16, 300, 96
2, 0, 0.011, 12.6821, 5, 16, 400, 96
2, 0, 0.0123, 12.6944, 5, 16, 600, 96
2, 0, 0.0159, 12.7103, 5, 16, 800, 96
2, 0, 0.0173, 12.7276, 5, 17, 50, 97
2, 0, 0.0152, 12.7428, 5, 17, 100, 97
2, 0, 0.0115, 12.7543, 5, 17, 150, 97
2, 0, 0.011, 12.7653, 5, 17, 200, 97
2, 0, 0.0132, 12.7785, 5, 17, 250, 97
2, 0, 0.01, 12.7886, 5, 17, 300, 97
2, 0, 0.0113, 12.7999, 5, 17, 400, 97
2, 0, 0.0101, 12.81, 5, 17, 600, 97
2, 0, 0.0115, 12.8215, 5, 17, 800, 97
2, 0, 0.0478, 12.8693, 5, 18, 50, 98
2, 0, 0.0109, 12.8802, 5, 18, 100, 98
2, 0, 0.0115, 12.8917, 5, 18, 150, 98
2, 0, 0.0102, 12.902, 5, 18, 200, 98
2, 0, 0.0098, 12.9117, 5, 18, 250, 98
2, 0, 0.0108, 12.9225, 5, 18, 300, 98
2, 0, 0.0121, 12.9346, 5, 18, 400, 98
2, 0, 0.0113, 12.9459, 5, 18, 600, 98
2, 0, 0.0155, 12.9614, 5, 18, 800, 98
2, 0, 0.0275, 12.9889, 5, 19, 50, 99
2, 0, 0.012, 13.0009, 5, 19, 100, 99
2, 0, 0.0114, 13.0124, 5, 19, 150, 99
2, 0, 0.0104, 13.0227, 5, 19, 200, 99
2, 0, 0.0101, 13.0328, 5, 19, 250, 99
2, 0, 0.0116, 13.0444, 5, 19, 300, 99
2, 0, 0.0166, 13.061, 5, 19, 400, 99
2, 0, 0.0165, 13.0776, 5, 19, 600, 99
2, 0, 0.0102, 13.0878, 5, 19, 800, 99
2, 0, 0.0354, 13.1232, 5, 20, 50, 100
2, 0, 0.0093, 13.1325, 5, 20, 100, 100
2, 0, 0.0096, 13.1421, 5, 20, 150, 100
2, 0, 0.0101, 13.1521, 5, 20, 200, 100
2, 0, 0.0108, 13.1629, 5, 20, 250, 100
2, 0, 0.0106, 13.1736, 5, 20, 300, 100
2, 0, 0.0118, 13.1853, 5, 20, 400, 100
2, 0, 0.0182, 13.2035, 5, 20, 600, 100
2, 0, 0.0107, 13.2142, 5, 20, 800, 100
2, 0.8927, 0.0252, 13.2395, 6, 1, 50, 101
2, 0.8013, 0.0422, 13.2816, 6, 1, 100, 101
2, 0.7227, 0.0159, 13.2975, 6, 1, 150, 101
2, 0.6542, 0.0169, 13.3144, 6, 1, 200, 101
2, 0.5941, 0.0232, 13.3377, 6, 1, 250, 101
2, 0.5416, 0.0211, 13.3587, 6, 1, 300, 101
2, 0.4597, 0.0105, 13.3692, 6, 1, 400, 101
2, 0.3419, 0.0101, 13.3793, 6, 1, 600, 101
2, 0.2678, 0.2022, 13.5814, 6, 1, 800, 101
2, 0.6772, 0.0232, 13.6047, 6, 2, 50, 102
2, 0.5331, 0.0213, 13.626, 6, 2, 100, 102
2, 0.4786, 0.0091, 13.635, 6, 2, 150, 102
2, 0.4305, 0.0085, 13.6435, 6, 2, 200, 102
2, 0.3877, 0.0088, 13.6523, 6, 2, 250, 102
102, 0.3495, 0.0162, 13.6685, 6, 2, 300, 102
2, 0.2925, 0.0356, 13.7041, 6, 2, 400, 102
2, 0.2107, 0.04, 13.7441, 6, 2, 600, 102
2, 0.1574, 0.0242, 13.7683, 6, 2, 800, 102
2, 0.414, 0.0243, 13.7925, 6, 3, 50, 103
102, 0.3786, 0.0399, 13.8325, 6, 3, 100, 103
2, 0.3537, 0.0781, 13.9105, 6, 3, 150, 103
2, 0.3372, 0.0267, 13.9372, 6, 3, 200, 103
102, 0.3237, 0.0306, 13.9678, 6, 3, 250, 103
2, 0.3069, 0.0217, 13.9896, 6, 3, 300, 103
2, 0.2741, 0.0233, 14.0128, 6, 3, 400, 103
2, 0.2239, 0.0314, 14.0442, 6, 3, 600, 103
102, 0.1752, 0.0239, 14.0682, 6, 3, 800, 103
2, 0.2968, 0.0251, 14.0932, 6, 4, 50, 104
102, 0.2839, 0.0206, 14.1138, 6, 4, 100, 104
102, 0.2714, 0.0256, 14.1394, 6, 4, 150, 104
2, 0.2594, 0.0289, 14.1683, 6, 4, 200, 104
2, 0.2477, 0.0529, 14.2212, 6, 4, 250, 104
102, 0.2363, 0.0317, 14.2528, 6, 4, 300, 104
102, 0.2146, 0.0288, 14.2816, 6, 4, 400, 104
2, 0.174, 0.3014, 14.5831, 6, 4, 600, 104
2, 0.1352, 0.036, 14.619, 6, 4, 800, 104
2, 0.2059, 0.0249, 14.6439, 6, 5, 50, 105
102, 0.1897, 0.0216, 14.6655, 6, 5, 100, 105
102, 0.174, 0.0256, 14.691, 6, 5, 150, 105
2, 0.1587, 0.0238, 14.7148, 6, 5, 200, 105
102, 0.1437, 0.0218, 14.7366, 6, 5, 250, 105
2, 0.1287, 0.0259, 14.7625, 6, 5, 300, 105
2, 0.0764, 0.0422, 14.8047, 6, 5, 400, 105
2, 0.0473, 0.1305, 14.9352, 6, 5, 600, 105
102, 0.0305, 0.1654, 15.1006, 6, 5, 800, 105
2, 0.145, 0.0235, 15.1241, 6, 6, 50, 106
2, 0.122, 0.0207, 15.1447, 6, 6, 100, 106
102, 0.1, 0.0365, 15.1812, 6, 6, 150, 106
102, 0.0802, 0.0367, 15.2179, 6, 6, 200, 106
2, 0.0702, 0.0308, 15.2488, 6, 6, 250, 106
2, 0.0604, 0.0233, 15.2721, 6, 6, 300, 106
2, 0.0454, 0.0243, 15.2964, 6, 6, 400, 106
102, 0.0292, 0.023, 15.3194, 6, 6, 600, 106
2, 0.0197, 0.0225, 15.3419, 6, 6, 800, 106
2, 0.0579, 0.0306, 15.3725, 6, 7, 50, 107
2, 0.0442, 0.0292, 15.4017, 6, 7, 100, 107
2, 0.0309, 0.0469, 15.4486, 6, 7, 150, 107
2, 0.023, 0.0372, 15.4858, 6, 7, 200, 107
2, 0.0158, 0.0262, 15.512, 6, 7, 250, 107
2, 0.0089, 0.0245, 15.5364, 6, 7, 300, 107
2, 0, 0.0188, 15.5552, 6, 7, 400, 107
2, 0, 0.0107, 15.5659, 6, 7, 600, 107
2, 0, 0.0102, 15.5762, 6, 7, 800, 107
2, 0.0237, 0.1993, 15.7755, 6, 8, 50, 108
2, 0.0168, 0.2327, 16.0082, 6, 8, 100, 108
2, 0.0101, 0.3102, 16.3184, 6, 8, 150, 108
2, 0.0056, 0.046, 16.3643, 6, 8, 200, 108
102, 0.0022, 0.1236, 16.4879, 6, 8, 250, 108
2, 0, 0.0106, 16.4985, 6, 8, 300, 108
2, 0, 0.0111, 16.5096, 6, 8, 400, 108
2, 0, 0.0101, 16.5198, 6, 8, 600, 108
2, 0, 0.0187, 16.5384, 6, 8, 800, 108
2, 0.0251, 0.0674, 16.6058, 6, 9, 50, 109
102, 0.0161, 0.1808, 16.7866, 6, 9, 100, 109
2, 0.0128, 0.0734, 16.86, 6, 9, 150, 109
2, 0.0104, 0.2536, 17.1136, 6, 9, 200, 109
102, 0.0074, 0.0745, 17.1882, 6, 9, 250, 109
2, 0.0034, 0.2034, 17.3915, 6, 9, 300, 109
2, 0, 0.0261, 17.4177, 6, 9, 400, 109
2, 0, 0.0128, 17.4305, 6, 9, 600, 109
2, 0, 0.0211, 17.4515, 6, 9, 800, 109
2, 0, 0.0335, 17.485, 6, 10, 50, 110
2, 0, 0.011, 17.4961, 6, 10, 100, 110
2, 0, 0.0114, 17.5075, 6, 10, 150, 110
2, 0, 0.0112, 17.5187, 6, 10, 200, 110
2, 0, 0.0115, 17.5302, 6, 10, 250, 110
2, 0, 0.0092, 17.5394, 6, 10, 300, 110
2, 0, 0.0098, 17.5492, 6, 10, 400, 110
2, 0, 0.0093, 17.5584, 6, 10, 600, 110
2, 0, 0.009, 17.5675, 6, 10, 800, 110
2, 0, 0.0635, 17.631, 6, 11, 50, 111
2, 0, 0.0113, 17.6423, 6, 11, 100, 111
2, 0, 0.0101, 17.6524, 6, 11, 150, 111
2, 0, 0.0096, 17.662, 6, 11, 200, 111
2, 0, 0.0099, 17.6719, 6, 11, 250, 111
2, 0, 0.0104, 17.6824, 6, 11, 300, 111
2, 0, 0.0105, 17.6928, 6, 11, 400, 111
2, 0, 0.0096, 17.7025, 6, 11, 600, 111
2, 0, 0.01, 17.7125, 6, 11, 800, 111
2, 0, 0.0326, 17.7451, 6, 12, 50, 112
2, 0, 0.0322, 17.7773, 6, 12, 100, 112
2, 0, 0.0106, 17.7879, 6, 12, 150, 112
2, 0, 0.0128, 17.8007, 6, 12, 200, 112
2, 0, 0.0111, 17.8118, 6, 12, 250, 112
2, 0, 0.0103, 17.8222, 6, 12, 300, 112
2, 0, 0.0107, 17.8329, 6, 12, 400, 112
2, 0, 0.0181, 17.851, 6, 12, 600, 112
2, 0, 0.0118, 17.8628, 6, 12, 800, 112
2, 0, 0.0757, 17.9385, 6, 13, 50, 113
2, 0, 0.0201, 17.9585, 6, 13, 100, 113
2, 0, 0.0116, 17.9702, 6, 13, 150, 113
2, 0, 0.012, 17.9821, 6, 13, 200, 113
2, 0, 0.0114, 17.9936, 6, 13, 250, 113
2, 0, 0.0116, 18.0051, 6, 13, 300, 113
2, 0, 0.0124, 18.0175, 6, 13, 400, 113
2, 0, 0.0133, 18.0308, 6, 13, 600, 113
2, 0, 0.0118, 18.0427, 6, 13, 800, 113
2, 0, 0.029, 18.0716, 6, 14, 50, 114
2, 0, 0.0097, 18.0813, 6, 14, 100, 114
2, 0, 0.0109, 18.0922, 6, 14, 150, 114
2, 0, 0.0105, 18.1027, 6, 14, 200, 114
2, 0, 0.0143, 18.117, 6, 14, 250, 114
2, 0, 0.0097, 18.1267, 6, 14, 300, 114
2, 0, 0.0124, 18.1391, 6, 14, 400, 114
2, 0, 0.0112, 18.1503, 6, 14, 600, 114
2, 0, 0.0171, 18.1674, 6, 14, 800, 114
2, 0, 0.0562, 18.2236, 6, 15, 50, 115
2, 0, 0.0119, 18.2355, 6, 15, 100, 115
2, 0, 0.0194, 18.2549, 6, 15, 150, 115
2, 0, 0.0114, 18.2663, 6, 15, 200, 115
2, 0, 0.0101, 18.2763, 6, 15, 250, 115
2, 0, 0.0105, 18.2868, 6, 15, 300, 115
2, 0, 0.0103, 18.2972, 6, 15, 400, 115
2, 0, 0.0115, 18.3087, 6, 15, 600, 115
2, 0, 0.0111, 18.3198, 6, 15, 800, 115
2, 0, 0.0446, 18.3645, 6, 16, 50, 116
2, 0, 0.0143, 18.3788, 6, 16, 100, 116
2, 0, 0.0122, 18.391, 6, 16, 150, 116
2, 0, 0.0116, 18.4026, 6, 16, 200, 116
2, 0, 0.0121, 18.4147, 6, 16, 250, 116
2, 0, 0.0131, 18.4278, 6, 16, 300, 116
2, 0, 0.0117, 18.4395, 6, 16, 400, 116
2, 0, 0.0105, 18.45, 6, 16, 600, 116
2, 0, 0.0116, 18.4617, 6, 16, 800, 116
2, 0, 0.0232, 18.4848, 6, 17, 50, 117
2, 0, 0.0106, 18.4954, 6, 17, 100, 117
2, 0, 0.0107, 18.5062, 6, 17, 150, 117
2, 0, 0.0109, 18.5171, 6, 17, 200, 117
2, 0, 0.0107, 18.5277, 6, 17, 250, 117
2, 0, 0.011, 18.5387, 6, 17, 300, 117
2, 0, 0.0111, 18.5498, 6, 17, 400, 117
2, 0, 0.0194, 18.5692, 6, 17, 600, 117
2, 0, 0.012, 18.5811, 6, 17, 800, 117
2, 0, 0.108, 18.6892, 6, 18, 50, 118
2, 0, 0.0107, 18.6999, 6, 18, 100, 118
2, 0, 0.0135, 18.7134, 6, 18, 150, 118
2, 0, 0.0107, 18.7241, 6, 18, 200, 118
2, 0, 0.0111, 18.7353, 6, 18, 250, 118
2, 0, 0.0195, 18.7548, 6, 18, 300, 118
2, 0, 0.0112, 18.7659, 6, 18, 400, 118
2, 0, 0.022, 18.788, 6, 18, 600, 118
2, 0, 0.0105, 18.7985, 6, 18, 800, 118
2, 0, 0.0405, 18.839, 6, 19, 50, 119
2, 0, 0.0125, 18.8514, 6, 19, 100, 119
2, 0, 0.0138, 18.8652, 6, 19, 150, 119
2, 0, 0.0104, 18.8756, 6, 19, 200, 119
2, 0, 0.0098, 18.8854, 6, 19, 250, 119
2, 0, 0.0096, 18.895, 6, 19, 300, 119
2, 0, 0.0191, 18.914, 6, 19, 400, 119
2, 0, 0.0109, 18.9249, 6, 19, 600, 119
2, 0, 0.0117, 18.9366, 6, 19, 800, 119
2, 0, 0.0309, 18.9676, 6, 20, 50, 120
2, 0, 0.0096, 18.9772, 6, 20, 100, 120
2, 0, 0.0114, 18.9886, 6, 20, 150, 120
2, 0, 0.0114, 19, 6, 20, 200, 120
2, 0, 0.0112, 19.0112, 6, 20, 250, 120
2, 0, 0.0106, 19.0218, 6, 20, 300, 120
2, 0, 0.0118, 19.0336, 6, 20, 400, 120
2, 0, 0.0143, 19.0479, 6, 20, 600, 120
2, 0, 0.0159, 19.0638, 6, 20, 800, 120
2, 0.9143, 0.0336, 19.0974, 7, 1, 50, 121
2, 0.839, 0.0443, 19.1417, 7, 1, 100, 121
2, 0.7724, 0.0823, 19.224, 7, 1, 150, 121
2, 0.7139, 0.0192, 19.2431, 7, 1, 200, 121
2, 0.6617, 0.0166, 19.2598, 7, 1, 250, 121
2, 0.6149, 0.0181, 19.2779, 7, 1, 300, 121
2, 0.5344, 0.0169, 19.2948, 7, 1, 400, 121
2, 0.4112, 0.0934, 19.3882, 7, 1, 600, 121
2, 0.3286, 0.0689, 19.4571, 7, 1, 800, 121
2, 0.7469, 0.0689, 19.526, 7, 2, 50, 122
2, 0.6435, 0.0758, 19.6019, 7, 2, 100, 122
2, 0.5944, 0.0271, 19.629, 7, 2, 150, 122
2, 0.5427, 0.0242, 19.6532, 7, 2, 200, 122
2, 0.5018, 0.0448, 19.6979, 7, 2, 250, 122
2, 0.4688, 0.0469, 19.7448, 7, 2, 300, 122
2, 0.4165, 0.0511, 19.796, 7, 2, 400, 122
2, 0.3401, 0.0272, 19.8232, 7, 2, 600, 122
2, 0.2784, 0.0237, 19.8468, 7, 2, 800, 122
102, 0.4699, 0.0199, 19.8668, 7, 3, 50, 123
2, 0.4353, 0.0102, 19.877, 7, 3, 100, 123
2, 0.403, 0.0101, 19.8871, 7, 3, 150, 123
2, 0.3729, 0.0124, 19.8995, 7, 3, 200, 123
2, 0.3463, 0.0676, 19.9671, 7, 3, 250, 123
102, 0.3267, 0.0386, 20.0056, 7, 3, 300, 123
102, 0.2908, 0.044, 20.0496, 7, 3, 400, 123
2, 0.2396, 0.0322, 20.0818, 7, 3, 600, 123
2, 0.2053, 0.0866, 20.1684, 7, 3, 800, 123
2, 0.3474, 0.0336, 20.2021, 7, 4, 50, 124
2, 0.3231, 0.0376, 20.2396, 7, 4, 100, 124
102, 0.3097, 0.0338, 20.2734, 7, 4, 150, 124
2, 0.2973, 0.0321, 20.3055, 7, 4, 200, 124
102, 0.2855, 0.029, 20.3345, 7, 4, 250, 124
2, 0.2741, 0.0284, 20.3629, 7, 4, 300, 124
3, 0.2524, 0.0268, 20.3897, 7, 4, 400, 124
2, 0.2129, 0.0316, 20.4213, 7, 4, 600, 124
102, 0.1745, 0.3826, 20.8039, 7, 4, 800, 124
2, 0.3215, 0.0285, 20.8323, 7, 5, 50, 125
2, 0.2958, 0.0303, 20.8627, 7, 5, 100, 125
2, 0.2711, 0.0387, 20.9013, 7, 5, 150, 125
2, 0.2474, 0.0534, 20.9547, 7, 5, 200, 125
2, 0.2245, 0.1663, 21.121, 7, 5, 250, 125
2, 0.2025, 0.023, 21.144, 7, 5, 300, 125
2, 0.1829, 0.022, 21.166, 7, 5, 400, 125
2, 0.1472, 0.039, 21.205, 7, 5, 600, 125
2, 0.1108, 0.0254, 21.2304, 7, 5, 800, 125
2, 0.2195, 0.1309, 21.3612, 7, 6, 50, 126
2, 0.204, 0.1681, 21.5293, 7, 6, 100, 126
102, 0.1889, 0.2091, 21.7384, 7, 6, 150, 126
102, 0.1742, 0.2456, 21.984, 7, 6, 200, 126
2, 0.1511, 0.2705, 22.2545, 7, 6, 250, 126
102, 0.1177, 0.1971, 22.4516, 7, 6, 300, 126
2, 0.0564, 0.0355, 22.4871, 7, 6, 400, 126
102, 0.0014, 0.03, 22.5171, 7, 6, 600, 126
2, 0, 0.0132, 22.5303, 7, 6, 800, 126
2, 0.0534, 0.0361, 22.5664, 7, 7, 50, 127
2, 0.0442, 0.0427, 22.6091, 7, 7, 100, 127
2, 0.0366, 0.0711, 22.6802, 7, 7, 150, 127
102, 0.0317, 0.0733, 22.7535, 7, 7, 200, 127
102, 0.0231, 0.0275, 22.781, 7, 7, 250, 127
102, 0.0187, 0.1686, 22.9496, 7, 7, 300, 127
102, 0.0126, 0.0396, 22.9891, 7, 7, 400, 127
2, 0.0024, 0.0277, 23.0168, 7, 7, 600, 127
2, 0, 0.0158, 23.0326, 7, 7, 800, 127
102, 0.0273, 0.2748, 23.3073, 7, 8, 50, 128
102, 0.0218, 0.0399, 23.3473, 7, 8, 100, 128
102, 0.0164, 0.0571, 23.4044, 7, 8, 150, 128
102, 0.0123, 0.1731, 23.5775, 7, 8, 200, 128
2, 0.0097, 0.0535, 23.631, 7, 8, 250, 128
2, 0.0072, 0.0376, 23.6685, 7, 8, 300, 128
102, 0.0023, 0.286, 23.9546, 7, 8, 400, 128
2, 0, 0.0137, 23.9683, 7, 8, 600, 128
2, 0, 0.0122, 23.9804, 7, 8, 800, 128
2, 0.0203, 0.1101, 24.0905, 7, 9, 50, 129
2, 0.0163, 0.1093, 24.1999, 7, 9, 100, 129
2, 0.0125, 0.2633, 24.4632, 7, 9, 150, 129
2, 0.0089, 0.0662, 24.5293, 7, 9, 200, 129
2, 0.0059, 0.2394, 24.7687, 7, 9, 250, 129
102, 0.0041, 0.3262, 25.095, 7, 9, 300, 129
2, 0.0001, 0.0851, 25.1801, 7, 9, 400, 129
2, 0, 0.0111, 25.1912, 7, 9, 600, 129
2, 0, 0.0108, 25.2019, 7, 9, 800, 129
2, 0.0242, 0.2355, 25.4375, 7, 10, 50, 130
2, 0.0154, 0.234, 25.6715, 7, 10, 100, 130
2, 0.0115, 0.2895, 25.9609, 7, 10, 150, 130
2, 0.0094, 0.3876, 26.3486, 7, 10, 200, 130
2, 0.0074, 0.2994, 26.6479, 7, 10, 250, 130
102, 0.0052, 0.2703, 26.9182, 7, 10, 300, 130
2, 0.0007, 0.2735, 27.1917, 7, 10, 400, 130
2, 0, 0.0138, 27.2055, 7, 10, 600, 130
2, 0, 0.0128, 27.2183, 7, 10, 800, 130
2, 0.0071, 0.3988, 27.6171, 7, 11, 50, 131
2, 0.0022, 0.3127, 27.9297, 7, 11, 100, 131
2, 0, 0.0309, 27.9606, 7, 11, 150, 131
2, 0, 0.0107, 27.9713, 7, 11, 200, 131
2, 0, 0.0141, 27.9854, 7, 11, 250, 131
2, 0, 0.0115, 27.9969, 7, 11, 300, 131
2, 0, 0.0118, 28.0087, 7, 11, 400, 131
2, 0, 0.0191, 28.0278, 7, 11, 600, 131
2, 0, 0.0111, 28.0388, 7, 11, 800, 131
2, 0.0124, 1.7151, 29.7539, 7, 12, 50, 132
2, 0.0074, 2.8367, 32.5906, 7, 12, 100, 132
3, 0.0052, 2.7705, 35.3611, 7, 12, 150, 132
2, 0.0032, 3.4121, 38.7732, 7, 12, 200, 132
2, 0.0013, 4.1346, 42.9078, 7, 12, 250, 132
2, 0, 0.0214, 42.9292, 7, 12, 300, 132
2, 0, 0.0102, 42.9394, 7, 12, 400, 132
2, 0, 0.0109, 42.9503, 7, 12, 600, 132
2, 0, 0.0192, 42.9695, 7, 12, 800, 132
2, 0, 0.1917, 43.1612, 7, 13, 50, 133
2, 0, 0.0117, 43.1729, 7, 13, 100, 133
2, 0, 0.0123, 43.1852, 7, 13, 150, 133
2, 0, 0.0113, 43.1965, 7, 13, 200, 133
2, 0, 0.0114, 43.2079, 7, 13, 250, 133
2, 0, 0.0116, 43.2195, 7, 13, 300, 133
2, 0, 0.0234, 43.2428, 7, 13, 400, 133
2, 0, 0.0107, 43.2535, 7, 13, 600, 133
2, 0, 0.0116, 43.2651, 7, 13, 800, 133
2, 0, 0.0173, 43.2824, 7, 14, 50, 134
2, 0, 0.0117, 43.2941, 7, 14, 100, 134
2, 0, 0.0106, 43.3047, 7, 14, 150, 134
2, 0, 0.0104, 43.3151, 7, 14, 200, 134
2, 0, 0.0107, 43.3259, 7, 14, 250, 134
2, 0, 0.0115, 43.3373, 7, 14, 300, 134
2, 0, 0.0126, 43.3499, 7, 14, 400, 134
2, 0, 0.0107, 43.3606, 7, 14, 600, 134
2, 0, 0.0105, 43.3712, 7, 14, 800, 134
2, 0, 0.0176, 43.3888, 7, 15, 50, 135
2, 0, 0.0108, 43.3996, 7, 15, 100, 135
2, 0, 0.0107, 43.4103, 7, 15, 150, 135
2, 0, 0.0109, 43.4212, 7, 15, 200, 135
2, 0, 0.0109, 43.4321, 7, 15, 250, 135
2, 0, 0.011, 43.4431, 7, 15, 300, 135
2, 0, 0.0109, 43.454, 7, 15, 400, 135
2, 0, 0.0124, 43.4664, 7, 15, 600, 135
2, 0, 0.0239, 43.4903, 7, 15, 800, 135
2, 0, 0.0381, 43.5284, 7, 16, 50, 136
2, 0, 0.0129, 43.5414, 7, 16, 100, 136
2, 0, 0.0127, 43.5541, 7, 16, 150, 136
2, 0, 0.0137, 43.5678, 7, 16, 200, 136
2, 0, 0.0129, 43.5807, 7, 16, 250, 136
2, 0, 0.0132, 43.5939, 7, 16, 300, 136
2, 0, 0.0149, 43.6088, 7, 16, 400, 136
2, 0, 0.0111, 43.6199, 7, 16, 600, 136
2, 0, 0.0114, 43.6313, 7, 16, 800, 136
2, 0, 0.0716, 43.7028, 7, 17, 50, 137
2, 0, 0.0117, 43.7146, 7, 17, 100, 137
2, 0, 0.0598, 43.7743, 7, 17, 150, 137
2, 0, 0.011, 43.7853, 7, 17, 200, 137
2, 0, 0.0124, 43.7977, 7, 17, 250, 137
2, 0, 0.012, 43.8097, 7, 17, 300, 137
2, 0, 0.0122, 43.8219, 7, 17, 400, 137
2, 0, 0.0113, 43.8332, 7, 17, 600, 137
2, 0, 0.0151, 43.8484, 7, 17, 800, 137
2, 0, 0.0446, 43.893, 7, 18, 50, 138
2, 0, 0.0267, 43.9197, 7, 18, 100, 138
2, 0, 0.0116, 43.9312, 7, 18, 150, 138
2, 0, 0.0125, 43.9437, 7, 18, 200, 138
2, 0, 0.0113, 43.955, 7, 18, 250, 138
2, 0, 0.012, 43.9671, 7, 18, 300, 138
2, 0, 0.0125, 43.9796, 7, 18, 400, 138
2, 0, 0.0123, 43.9919, 7, 18, 600, 138
2, 0, 0.0129, 44.0048, 7, 18, 800, 138
2, 0, 0.1194, 44.1243, 7, 19, 50, 139
2, 0, 0.0123, 44.1366, 7, 19, 100, 139
2, 0, 0.0115, 44.1481, 7, 19, 150, 139
2, 0, 0.0125, 44.1606, 7, 19, 200, 139
2, 0, 0.0143, 44.1749, 7, 19, 250, 139
2, 0, 0.0127, 44.1875, 7, 19, 300, 139
2, 0, 0.0679, 44.2555, 7, 19, 400, 139
2, 0, 0.0162, 44.2717, 7, 19, 600, 139
2, 0, 0.0144, 44.2861, 7, 19, 800, 139
2, 0, 0.0194, 44.3054, 7, 20, 50, 140
2, 0, 0.0125, 44.3179, 7, 20, 100, 140
2, 0, 0.013, 44.331, 7, 20, 150, 140
2, 0, 0.0124, 44.3434, 7, 20, 200, 140
2, 0, 0.0123, 44.3556, 7, 20, 250, 140
2, 0, 0.0121, 44.3678, 7, 20, 300, 140
2, 0, 0.0121, 44.3798, 7, 20, 400, 140
2, 0, 0.0142, 44.394, 7, 20, 600, 140
2, 0, 0.0134, 44.4074, 7, 20, 800, 140
102, 0.9077, 0.0494, 44.4568, 8, 1, 50, 141
102, 0.8261, 0.0214, 44.4782, 8, 1, 100, 141
102, 0.7535, 0.0192, 44.4974, 8, 1, 150, 141
2, 0.6883, 0.0279, 44.5253, 8, 1, 200, 141
2, 0.6297, 0.0483, 44.5736, 8, 1, 250, 141
2, 0.5779, 0.0418, 44.6154, 8, 1, 300, 141
2, 0.4969, 0.0422, 44.6576, 8, 1, 400, 141
2, 0.3866, 0.0197, 44.6773, 8, 1, 600, 141
2, 0.315, 0.0186, 44.6959, 8, 1, 800, 141
2, 0.6455, 0.0234, 44.7193, 8, 2, 50, 142
2, 0.5886, 0.02, 44.7393, 8, 2, 100, 142
102, 0.5472, 0.0293, 44.7686, 8, 2, 150, 142
2, 0.5093, 0.0382, 44.8067, 8, 2, 200, 142
2, 0.4746, 0.0189, 44.8256, 8, 2, 250, 142
2, 0.443, 0.0353, 44.8609, 8, 2, 300, 142
2, 0.3962, 0.1484, 45.0093, 8, 2, 400, 142
2, 0.3156, 0.0446, 45.0539, 8, 2, 600, 142
2, 0.258, 0.0236, 45.0775, 8, 2, 800, 142
102, 0.5262, 0.0337, 45.1112, 8, 3, 50, 143
102, 0.4985, 0.0289, 45.1401, 8, 3, 100, 143
102, 0.4713, 0.0347, 45.1748, 8, 3, 150, 143
2, 0.444, 0.0294, 45.2042, 8, 3, 200, 143
2, 0.4184, 0.0305, 45.2347, 8, 3, 250, 143
2, 0.3965, 0.048, 45.2827, 8, 3, 300, 143
2, 0.3635, 0.0482, 45.3309, 8, 3, 400, 143
2, 0.3114, 0.0283, 45.3592, 8, 3, 600, 143
2, 0.2681, 0.0355, 45.3947, 8, 3, 800, 143
2, 0.3545, 0.0494, 45.4441, 8, 4, 50, 144
102, 0.3385, 0.0717, 45.5158, 8, 4, 100, 144
2, 0.3215, 0.0585, 45.5743, 8, 4, 150, 144
2, 0.3026, 0.0602, 45.6345, 8, 4, 200, 144
2, 0.2848, 0.0589, 45.6934, 8, 4, 250, 144
2, 0.2696, 0.0414, 45.7349, 8, 4, 300, 144
2, 0.2435, 0.0589, 45.7938, 8, 4, 400, 144
2, 0.1985, 0.0936, 45.8874, 8, 4, 600, 144
2, 0.161, 0.0363, 45.9237, 8, 4, 800, 144
2, 0.3014, 0.0509, 45.9746, 8, 5, 50, 145
2, 0.2877, 0.0724, 46.047, 8, 5, 100, 145
2, 0.2716, 0.1178, 46.1647, 8, 5, 150, 145
2, 0.2575, 0.0551, 46.2198, 8, 5, 200, 145
102, 0.2458, 0.2527, 46.4725, 8, 5, 250, 145
2, 0.2346, 0.1884, 46.6609, 8, 5, 300, 145
2, 0.2134, 0.1485, 46.8094, 8, 5, 400, 145
2, 0.1754, 0.223, 47.0324, 8, 5, 600, 145
3, 0.1422, 0.2613, 47.2937, 8, 5, 800, 145
2, 0.2262, 0.0478, 47.3415, 8, 6, 50, 146
2, 0.2145, 0.0869, 47.4284, 8, 6, 100, 146
2, 0.2055, 0.3316, 47.76, 8, 6, 150, 146
2, 0.1967, 0.2455, 48.0054, 8, 6, 200, 146
102, 0.188, 0.2962, 48.3017, 8, 6, 250, 146
2, 0.1794, 0.1351, 48.4368, 8, 6, 300, 146
2, 0.1629, 0.2071, 48.6438, 8, 6, 400, 146
2, 0.1175, 0.21, 48.8539, 8, 6, 600, 146
2, 0.0745, 0.0334, 48.8872, 8, 6, 800, 146
3, 0.1722, 0.5059, 49.3931, 8, 7, 50, 147
2, 0.1592, 0.1118, 49.5049, 8, 7, 100, 147
2, 0.1466, 0.2795, 49.7844, 8, 7, 150, 147
2, 0.1342, 0.2218, 50.0062, 8, 7, 200, 147
2, 0.122, 0.3062, 50.3124, 8, 7, 250, 147
102, 0.1101, 0.1952, 50.5076, 8, 7, 300, 147
2, 0.0843, 0.0687, 50.5763, 8, 7, 400, 147
2, 0.0354, 0.0364, 50.6127, 8, 7, 600, 147
102, 0.0254, 0.0673, 50.6799, 8, 7, 800, 147
102, 0.0445, 0.3224, 51.0023, 8, 8, 50, 148
2, 0.0388, 0.0325, 51.0348, 8, 8, 100, 148
2, 0.0343, 0.0302, 51.065, 8, 8, 150, 148
2, 0.0298, 0.0321, 51.0971, 8, 8, 200, 148
102, 0.0255, 0.0415, 51.1386, 8, 8, 250, 148
2, 0.0227, 0.0556, 51.1942, 8, 8, 300, 148
2, 0.0191, 0.0486, 51.2428, 8, 8, 400, 148
102, 0.0125, 0.0631, 51.3059, 8, 8, 600, 148
102, 0.0076, 0.1788, 51.4847, 8, 8, 800, 148
102, 0.0217, 0.0794, 51.5641, 8, 9, 50, 149
2, 0.0155, 0.2015, 51.7656, 8, 9, 100, 149
2, 0.012, 0.1533, 51.9189, 8, 9, 150, 149
2, 0.0067, 0.1426, 52.0615, 8, 9, 200, 149
2, 0.0046, 0.2712, 52.3327, 8, 9, 250, 149
102, 0.0021, 0.0874, 52.4201, 8, 9, 300, 149
2, 0, 0.0117, 52.4318, 8, 9, 400, 149
2, 0, 0.0116, 52.4434, 8, 9, 600, 149
2, 0, 0.0107, 52.4541, 8, 9, 800, 149
2, 0.0485, 0.5083, 52.9624, 8, 10, 50, 150
102, 0.0457, 1.0656, 54.028, 8, 10, 100, 150
102, 0.0429, 0.5144, 54.5424, 8, 10, 150, 150
102, 0.0402, 1.1706, 55.713, 8, 10, 200, 150
2, 0.0376, 1.1455, 56.8585, 8, 10, 250, 150
102, 0.0349, 1.0862, 57.9447, 8, 10, 300, 150
102, 0.0299, 1.4031, 59.3479, 8, 10, 400, 150
102, 0.0223, 1.9083, 61.2562, 8, 10, 600, 150
102, 0.016, 1.8029, 63.0591, 8, 10, 800, 150
2, 0.0307, 1.3835, 64.4427, 8, 11, 50, 151
2, 0.0194, 1.3038, 65.7465, 8, 11, 100, 151
2, 0.0155, 1.3134, 67.0599, 8, 11, 150, 151
102, 0.0129, 1.731, 68.7909, 8, 11, 200, 151
102, 0.011, 2.0698, 70.8607, 8, 11, 250, 151
2, 0.0092, 1.9612, 72.8219, 8, 11, 300, 151
103, 0.0057, 2.0254, 74.8473, 8, 11, 400, 151
2, 0, 0.0317, 74.879, 8, 11, 600, 151
2, 0, 0.0145, 74.8935, 8, 11, 800, 151
2, 0.0106, 1.8263, 76.7198, 8, 12, 50, 152
2, 0.0073, 1.8799, 78.5996, 8, 12, 100, 152
102, 0.0051, 1.7918, 80.3914, 8, 12, 150, 152
2, 0.0035, 2.1703, 82.5617, 8, 12, 200, 152
2, 0.0019, 1.8941, 84.4557, 8, 12, 250, 152
2, 0.0003, 3.1485, 87.6042, 8, 12, 300, 152
2, 0, 0.0127, 87.6169, 8, 12, 400, 152
2, 0, 0.0346, 87.6515, 8, 12, 600, 152
2, 0, 0.0125, 87.664, 8, 12, 800, 152
2, 0.0186, 8.7688, 96.4328, 8, 13, 50, 153
2, 0.0151, 9.3278, 105.7606, 8, 13, 100, 153
102, 0.0127, 13.1845, 118.9451, 8, 13, 150, 153
102, 0.0108, 16.8141, 135.7592, 8, 13, 200, 153
3, 0.0084, 21.1209, 156.8801, 8, 13, 250, 153
2, 0.0056, 14.9299, 171.81, 8, 13, 300, 153
2, 0, 0.0337, 171.8437, 8, 13, 400, 153
2, 0, 0.0185, 171.8622, 8, 13, 600, 153
2, 0, 0.0125, 171.8748, 8, 13, 800, 153
2, 0, 0.2439, 172.1187, 8, 14, 50, 154
2, 0, 0.0312, 172.1499, 8, 14, 100, 154
2, 0, 0.0125, 172.1624, 8, 14, 150, 154
2, 0, 0.0326, 172.195, 8, 14, 200, 154
2, 0, 0.0133, 172.2084, 8, 14, 250, 154
2, 0, 0.0304, 172.2388, 8, 14, 300, 154
2, 0, 0.0128, 172.2516, 8, 14, 400, 154
2, 0, 0.0322, 172.2839, 8, 14, 600, 154
2, 0, 0.0784, 172.3622, 8, 14, 800, 154
2, 0, 0.2954, 172.6576, 8, 15, 50, 155
2, 0, 0.0135, 172.6711, 8, 15, 100, 155
2, 0, 0.0123, 172.6834, 8, 15, 150, 155
2, 0, 0.033, 172.7164, 8, 15, 200, 155
2, 0, 0.0126, 172.729, 8, 15, 250, 155
2, 0, 0.0309, 172.76, 8, 15, 300, 155
2, 0, 0.0127, 172.7727, 8, 15, 400, 155
2, 0, 0.0314, 172.8041, 8, 15, 600, 155
2, 0, 0.0294, 172.8334, 8, 15, 800, 155
2, 0, 0.0626, 172.8961, 8, 16, 50, 156
2, 0, 0.0136, 172.9097, 8, 16, 100, 156
2, 0, 0.0319, 172.9416, 8, 16, 150, 156
2, 0, 0.0137, 172.9552, 8, 16, 200, 156
2, 0, 0.031, 172.9863, 8, 16, 250, 156
2, 0, 0.0142, 173.0004, 8, 16, 300, 156
2, 0, 0.0297, 173.0302, 8, 16, 400, 156
2, 0, 0.0478, 173.0779, 8, 16, 600, 156
2, 0, 0.0131, 173.0911, 8, 16, 800, 156
2, 0, 0.0474, 173.1385, 8, 17, 50, 157
2, 0, 0.0297, 173.1682, 8, 17, 100, 157
2, 0, 0.0135, 173.1817, 8, 17, 150, 157
2, 0, 0.0312, 173.2129, 8, 17, 200, 157
2, 0, 0.0139, 173.2268, 8, 17, 250, 157
2, 0, 0.0301, 173.2569, 8, 17, 300, 157
2, 0, 0.0151, 173.2719, 8, 17, 400, 157
2, 0, 0.0532, 173.3251, 8, 17, 600, 157
2, 0, 0.0228, 173.3479, 8, 17, 800, 157
2, 0, 0.0762, 173.424, 8, 18, 50, 158
2, 0, 0.0163, 173.4403, 8, 18, 100, 158
2, 0, 0.0153, 173.4556, 8, 18, 150, 158
2, 0, 0.0286, 173.4842, 8, 18, 200, 158
2, 0, 0.0217, 173.5059, 8, 18, 250, 158
2, 0, 0.0227, 173.5286, 8, 18, 300, 158
2, 0, 0.0139, 173.5425, 8, 18, 400, 158
2, 0, 0.0304, 173.5729, 8, 18, 600, 158
2, 0, 0.0147, 173.5876, 8, 18, 800, 158
2, 0, 0.1236, 173.7112, 8, 19, 50, 159
2, 0, 0.0146, 173.7258, 8, 19, 100, 159
2, 0, 0.034, 173.7598, 8, 19, 150, 159
2, 0, 0.0148, 173.7746, 8, 19, 200, 159
2, 0, 0.0294, 173.804, 8, 19, 250, 159
2, 0, 0.0422, 173.8462, 8, 19, 300, 159
2, 0, 0.016, 173.8622, 8, 19, 400, 159
2, 0, 0.0318, 173.8939, 8, 19, 600, 159
2, 0, 0.0145, 173.9084, 8, 19, 800, 159
2, 0, 0.0983, 174.0067, 8, 20, 50, 160
2, 0, 0.027, 174.0338, 8, 20, 100, 160
2, 0, 0.0172, 174.051, 8, 20, 150, 160
2, 0, 0.026, 174.0769, 8, 20, 200, 160
2, 0, 0.0152, 174.0921, 8, 20, 250, 160
2, 0, 0.0286, 174.1207, 8, 20, 300, 160
2, 0, 0.0188, 174.1394, 8, 20, 400, 160
2, 0, 0.0247, 174.1642, 8, 20, 600, 160
2, 0, 0.0271, 174.1912, 8, 20, 800, 160
2, 0.9256, 0.0238, 174.215, 9, 1, 50, 161
2, 0.859, 0.0295, 174.2445, 9, 1, 100, 161
2, 0.7992, 0.0206, 174.2651, 9, 1, 150, 161
2, 0.745, 0.0244, 174.2895, 9, 1, 200, 161
2, 0.6958, 0.0256, 174.3152, 9, 1, 250, 161
2, 0.6509, 0.0364, 174.3516, 9, 1, 300, 161
2, 0.5719, 0.0304, 174.382, 9, 1, 400, 161
2, 0.4467, 0.0275, 174.4094, 9, 1, 600, 161
2, 0.3574, 0.0385, 174.448, 9, 1, 800, 161
2, 0.6759, 0.023, 174.471, 9, 2, 50, 162
2, 0.6137, 0.0287, 174.4997, 9, 2, 100, 162
2, 0.5399, 0.0403, 174.54, 9, 2, 150, 162
2, 0.4872, 0.0417, 174.5817, 9, 2, 200, 162
2, 0.4585, 0.0348, 174.6165, 9, 2, 250, 162
2, 0.4364, 0.036, 174.6524, 9, 2, 300, 162
2, 0.3964, 0.0341, 174.6865, 9, 2, 400, 162
2, 0.3284, 0.0246, 174.7111, 9, 2, 600, 162
2, 0.2688, 0.0234, 174.7344, 9, 2, 800, 162
102, 0.5005, 0.0421, 174.7765, 9, 3, 50, 163
102, 0.4619, 0.0917, 174.8683, 9, 3, 100, 163
2, 0.4346, 0.0542, 174.9225, 9, 3, 150, 163
2, 0.4139, 0.1032, 175.0257, 9, 3, 200, 163
2, 0.395, 0.0345, 175.0602, 9, 3, 250, 163
102, 0.3778, 0.0607, 175.1209, 9, 3, 300, 163
102, 0.3502, 0.0362, 175.1571, 9, 3, 400, 163
2, 0.3033, 0.0531, 175.2102, 9, 3, 600, 163
2, 0.2631, 0.1239, 175.3341, 9, 3, 800, 163
2, 0.3964, 0.0324, 175.3665, 9, 4, 50, 164
102, 0.3743, 0.0452, 175.4117, 9, 4, 100, 164
2, 0.3554, 0.0464, 175.458, 9, 4, 150, 164
2, 0.3396, 0.0451, 175.5031, 9, 4, 200, 164
102, 0.3244, 0.0485, 175.5516, 9, 4, 250, 164
2, 0.3117, 0.162, 175.7136, 9, 4, 300, 164
2, 0.2887, 0.0407, 175.7543, 9, 4, 400, 164
2, 0.2485, 0.0863, 175.8407, 9, 4, 600, 164
102, 0.2178, 0.1431, 175.9838, 9, 4, 800, 164
2, 0.3059, 0.04, 176.0238, 9, 5, 50, 165
2, 0.285, 0.0402, 176.064, 9, 5, 100, 165
2, 0.2643, 0.0378, 176.1018, 9, 5, 150, 165
102, 0.2529, 0.0481, 176.1499, 9, 5, 200, 165
102, 0.2418, 0.1153, 176.2653, 9, 5, 250, 165
102, 0.2329, 0.1461, 176.4114, 9, 5, 300, 165
102, 0.2178, 0.1912, 176.6026, 9, 5, 400, 165
2, 0.1921, 0.2158, 176.8184, 9, 5, 600, 165
2, 0.1708, 0.1554, 176.9738, 9, 5, 800, 165
2, 0.2381, 0.042, 177.0158, 9, 6, 50, 166
2, 0.2273, 0.038, 177.0538, 9, 6, 100, 166
2, 0.2168, 0.0492, 177.1031, 9, 6, 150, 166
102, 0.2088, 0.0485, 177.1516, 9, 6, 200, 166
2, 0.2012, 0.1513, 177.3028, 9, 6, 250, 166
3, 0.1939, 0.1412, 177.444, 9, 6, 300, 166
2, 0.1799, 0.1496, 177.5935, 9, 6, 400, 166
3, 0.154, 0.1485, 177.7421, 9, 6, 600, 166
102, 0.1277, 0.1368, 177.8789, 9, 6, 800, 166
2, 0.1952, 0.2914, 178.1703, 9, 7, 50, 167
2, 0.1844, 0.1892, 178.3595, 9, 7, 100, 167
2, 0.1776, 0.6216, 178.9811, 9, 7, 150, 167
2, 0.171, 0.7624, 179.7435, 9, 7, 200, 167
3, 0.1644, 0.7434, 180.4868, 9, 7, 250, 167
2, 0.158, 0.7935, 181.2803, 9, 7, 300, 167
2, 0.1456, 1.0239, 182.3043, 9, 7, 400, 167
102, 0.122, 1.0534, 183.3577, 9, 7, 600, 167
2, 0.0999, 0.9632, 184.3208, 9, 7, 800, 167
2, 0.1959, 0.2517, 184.5725, 9, 8, 50, 168
102, 0.1795, 0.2478, 184.8203, 9, 8, 100, 168
102, 0.1635, 0.2944, 185.1147, 9, 8, 150, 168
2, 0.148, 0.204, 185.3187, 9, 8, 200, 168
2, 0.1328, 0.2588, 185.5775, 9, 8, 250, 168
3, 0.1181, 0.1567, 185.7342, 9, 8, 300, 168
2, 0.0897, 0.19, 185.9242, 9, 8, 400, 168
2, 0.0372, 0.1674, 186.0916, 9, 8, 600, 168
102, 0.0179, 0.1063, 186.1979, 9, 8, 800, 168
102, 0.0155, 0.0573, 186.2552, 9, 9, 50, 169
102, 0.0129, 0.081, 186.3362, 9, 9, 100, 169
102, 0.0112, 0.0554, 186.3916, 9, 9, 150, 169
102, 0.0094, 0.0875, 186.4791, 9, 9, 200, 169
102, 0.0078, 0.0684, 186.5475, 9, 9, 250, 169
102, 0.0065, 0.0736, 186.6211, 9, 9, 300, 169
102, 0.0044, 0.0546, 186.6757, 9, 9, 400, 169
102, 0.0004, 0.1542, 186.8299, 9, 9, 600, 169
2, 0, 0.039, 186.8689, 9, 9, 800, 169
2, 0.0201, 0.266, 187.1349, 9, 10, 50, 170
102, 0.0176, 0.1539, 187.2887, 9, 10, 100, 170
102, 0.0138, 0.2053, 187.494, 9, 10, 150, 170
2, 0.0106, 0.1616, 187.6556, 9, 10, 200, 170
2, 0.0077, 0.1805, 187.8361, 9, 10, 250, 170
102, 0.0057, 0.2128, 188.0489, 9, 10, 300, 170
2, 0.0042, 0.2257, 188.2747, 9, 10, 400, 170
102, 0.0021, 0.2431, 188.5178, 9, 10, 600, 170
2, 0.0003, 0.2952, 188.813, 9, 10, 800, 170
2, 0.0227, 0.2381, 189.0511, 9, 11, 50, 171
2, 0.0134, 0.1049, 189.156, 9, 11, 100, 171
102, 0.0079, 0.1604, 189.3164, 9, 11, 150, 171
2, 0.0053, 0.3431, 189.6595, 9, 11, 200, 171
2, 0.0027, 0.1743, 189.8338, 9, 11, 250, 171
102, 0.0006, 0.2126, 190.0464, 9, 11, 300, 171
2, 0, 0.036, 190.0824, 9, 11, 400, 171
2, 0, 0.017, 190.0994, 9, 11, 600, 171
2, 0, 0.0139, 190.1133, 9, 11, 800, 171
2, 0.028, 4.0963, 194.2096, 9, 12, 50, 172
102, 0.0243, 3.3444, 197.5541, 9, 12, 100, 172
2, 0.0198, 4.1572, 201.7112, 9, 12, 150, 172
2, 0.0174, 3.7468, 205.458, 9, 12, 200, 172
2, 0.016, 5.7642, 211.2222, 9, 12, 250, 172
2, 0.014, 4.3229, 215.5451, 9, 12, 300, 172
2, 0.0102, 7.1931, 222.7382, 9, 12, 400, 172
102, 0.0054, 8.3573, 231.0955, 9, 12, 600, 172
102, 0.002, 9.7072, 240.8027, 9, 12, 800, 172
2, 0.0218, 6.7589, 247.5616, 9, 13, 50, 173
2, 0.0136, 6.0417, 253.6034, 9, 13, 100, 173
2, 0.0105, 8.7308, 262.3342, 9, 13, 150, 173
102, 0.0086, 9.8861, 272.2203, 9, 13, 200, 173
2, 0.0069, 17.9478, 290.1681, 9, 13, 250, 173
2, 0.0059, 19.4864, 309.6545, 9, 13, 300, 173
2, 0.0036, 23.416, 333.0705, 9, 13, 400, 173
2, 0, 0.0824, 333.1529, 9, 13, 600, 173
2, 0, 0.0169, 333.1698, 9, 13, 800, 173
2, 0.0192, 17.6276, 350.7974, 9, 14, 50, 174
3, 0.0168, 67.4256, 418.223, 9, 14, 100, 174
2, 0.0144, 73.3804, 491.6035, 9, 14, 150, 174
102, 0.0121, 117.8476, 609.451, 9, 14, 200, 174
103, 0.0098, 112.3098, 721.7608, 9, 14, 250, 174
521, 0.0075, 108.457, 830.2178, 9, 14, 300, 174
