solveResult, pEnvyFree, solveElapsedTime, totalSolveElaspsedTime, |P|, |I|, cash
2, 0.0465, 0.0463, 0.0463, 4, 5, 0
2, 0.0464, 0.0736, 0.1198, 4, 5, 0.01
2, 0.0464, 0.0228, 0.1426, 4, 5, 0.02
2, 0.0463, 0.0208, 0.1634, 4, 5, 0.03
2, 0.0462, 0.0209, 0.1842, 4, 5, 0.04
2, 0.0462, 0.0207, 0.2049, 4, 5, 0.05
2, 0.0461, 0.0233, 0.2283, 4, 5, 0.06
2, 0.046, 0.0261, 0.2544, 4, 5, 0.07
2, 0.0459, 0.0678, 0.3222, 4, 5, 0.08
2, 0.0459, 0.0362, 0.3584, 4, 5, 0.09
2, 0.0458, 0.0292, 0.3875, 4, 5, 0.1
2, 0.0457, 0.0339, 0.4214, 4, 5, 0.11
2, 0.0457, 0.0218, 0.4432, 4, 5, 0.12
2, 0.0456, 0.0278, 0.471, 4, 5, 0.13
2, 0.0455, 0.0308, 0.5018, 4, 5, 0.14
2, 0.0454, 0.0187, 0.5205, 4, 5, 0.15
2, 0.0454, 0.021, 0.5415, 4, 5, 0.16
2, 0.0453, 0.0211, 0.5626, 4, 5, 0.17
2, 0.0452, 0.0211, 0.5837, 4, 5, 0.18
2, 0.0452, 0.0345, 0.6182, 4, 5, 0.19
2, 0.0451, 0.0207, 0.6388, 4, 5, 0.2
2, 0.045, 0.0217, 0.6606, 4, 5, 0.21
2, 0.045, 0.0257, 0.6863, 4, 5, 0.22
2, 0.0449, 0.023, 0.7093, 4, 5, 0.23
2, 0.0448, 0.0423, 0.7516, 4, 5, 0.24
2, 0.0447, 0.0964, 0.848, 4, 5, 0.25
2, 0.0447, 0.0626, 0.9106, 4, 5, 0.26
2, 0.0446, 0.0184, 0.9291, 4, 5, 0.27
2, 0.0445, 0.0167, 0.9458, 4, 5, 0.28
2, 0.0445, 0.015, 0.9608, 4, 5, 0.29
2, 0.0444, 0.0268, 0.9876, 4, 5, 0.3
2, 0.0443, 0.0201, 1.0077, 4, 5, 0.31
2, 0.0442, 0.0408, 1.0485, 4, 5, 0.32
2, 0.0442, 0.0208, 1.0694, 4, 5, 0.33
2, 0.0441, 0.0142, 1.0836, 4, 5, 0.34
2, 0.044, 0.0213, 1.1048, 4, 5, 0.35
2, 0.044, 0.0276, 1.1324, 4, 5, 0.36
2, 0.0439, 0.0335, 1.1659, 4, 5, 0.37
2, 0.0438, 0.0645, 1.2304, 4, 5, 0.38
2, 0.0438, 0.0329, 1.2634, 4, 5, 0.39
2, 0.0437, 0.0191, 1.2824, 4, 5, 0.4
2, 0.0436, 0.019, 1.3014, 4, 5, 0.41
2, 0.0435, 0.0233, 1.3247, 4, 5, 0.42
2, 0.0435, 0.0648, 1.3896, 4, 5, 0.43
2, 0.0434, 0.0359, 1.4255, 4, 5, 0.44
2, 0.0433, 0.0421, 1.4676, 4, 5, 0.45
2, 0.0433, 0.0221, 1.4897, 4, 5, 0.46
2, 0.0432, 0.0183, 1.508, 4, 5, 0.47
2, 0.0431, 0.0164, 1.5244, 4, 5, 0.48
2, 0.043, 0.0276, 1.552, 4, 5, 0.49
2, 0.043, 0.0442, 1.5961, 4, 5, 0.5
2, 0.0429, 0.0218, 1.618, 4, 5, 0.51
2, 0.0428, 0.0203, 1.6383, 4, 5, 0.52
2, 0.0428, 0.017, 1.6553, 4, 5, 0.53
2, 0.0427, 0.0156, 1.6708, 4, 5, 0.54
2, 0.0426, 0.0148, 1.6857, 4, 5, 0.55
2, 0.0425, 0.0172, 1.7029, 4, 5, 0.56
2, 0.0425, 0.0224, 1.7253, 4, 5, 0.57
2, 0.0424, 0.0175, 1.7427, 4, 5, 0.58
2, 0.0423, 0.0277, 1.7705, 4, 5, 0.59
2, 0.0423, 0.0242, 1.7947, 4, 5, 0.6
2, 0.0422, 0.0213, 1.816, 4, 5, 0.61
2, 0.0421, 0.0239, 1.8398, 4, 5, 0.62
2, 0.0421, 0.0498, 1.8896, 4, 5, 0.63
2, 0.042, 0.035, 1.9247, 4, 5, 0.64
2, 0.0419, 0.0155, 1.9402, 4, 5, 0.65
2, 0.0418, 0.0142, 1.9543, 4, 5, 0.66
2, 0.0418, 0.0218, 1.9761, 4, 5, 0.67
2, 0.0417, 0.0378, 2.0139, 4, 5, 0.68
2, 0.0416, 0.0238, 2.0376, 4, 5, 0.69
2, 0.0416, 0.0251, 2.0628, 4, 5, 0.7
2, 0.0415, 0.0376, 2.1004, 4, 5, 0.71
2, 0.0414, 0.0332, 2.1335, 4, 5, 0.72
2, 0.0413, 0.0527, 2.1862, 4, 5, 0.73
2, 0.0413, 0.0378, 2.224, 4, 5, 0.74
2, 0.0412, 0.0211, 2.2451, 4, 5, 0.75
2, 0.0411, 0.0165, 2.2616, 4, 5, 0.76
2, 0.0411, 0.0188, 2.2804, 4, 5, 0.77
2, 0.041, 0.0163, 2.2967, 4, 5, 0.78
2, 0.0409, 0.0617, 2.3584, 4, 5, 0.79
2, 0.0409, 0.0238, 2.3822, 4, 5, 0.8
2, 0.0408, 0.0149, 2.3971, 4, 5, 0.81
2, 0.0407, 0.0432, 2.4403, 4, 5, 0.82
2, 0.0406, 0.0219, 2.4622, 4, 5, 0.83
2, 0.0406, 0.0214, 2.4836, 4, 5, 0.84
2, 0.0405, 0.0219, 2.5055, 4, 5, 0.85
2, 0.0404, 0.0165, 2.522, 4, 5, 0.86
2, 0.0404, 0.0191, 2.5411, 4, 5, 0.87
2, 0.0403, 0.0346, 2.5757, 4, 5, 0.88
2, 0.0402, 0.0349, 2.6106, 4, 5, 0.89
2, 0.0401, 0.0622, 2.6728, 4, 5, 0.9
2, 0.0401, 0.0262, 2.699, 4, 5, 0.91
2, 0.04, 0.0196, 2.7186, 4, 5, 0.92
2, 0.0399, 0.0187, 2.7373, 4, 5, 0.93
2, 0.0399, 0.0221, 2.7595, 4, 5, 0.94
2, 0.0398, 0.018, 2.7775, 4, 5, 0.95
2, 0.0397, 0.0203, 2.7977, 4, 5, 0.96
2, 0.0397, 0.0159, 2.8137, 4, 5, 0.97
2, 0.0396, 0.0687, 2.8824, 4, 5, 0.98
2, 0.0395, 0.0247, 2.9071, 4, 5, 0.99
2, 0.0394, 0.0264, 2.9335, 4, 5, 1
2, 0.0394, 0.0336, 2.9672, 4, 5, 1.01
2, 0.0393, 0.023, 2.9901, 4, 5, 1.02
2, 0.0392, 0.0327, 3.0228, 4, 5, 1.03
2, 0.0392, 0.0329, 3.0557, 4, 5, 1.04
2, 0.0391, 0.0419, 3.0977, 4, 5, 1.05
2, 0.039, 0.0321, 3.1298, 4, 5, 1.06
2, 0.0389, 0.0217, 3.1515, 4, 5, 1.07
2, 0.0389, 0.0226, 3.1742, 4, 5, 1.08
2, 0.0388, 0.0143, 3.1884, 4, 5, 1.09
2, 0.0387, 0.0253, 3.2137, 4, 5, 1.1
2, 0.0387, 0.0372, 3.2509, 4, 5, 1.11
2, 0.0386, 0.0367, 3.2876, 4, 5, 1.12
2, 0.0385, 0.0284, 3.316, 4, 5, 1.13
2, 0.0385, 0.0208, 3.3367, 4, 5, 1.14
2, 0.0384, 0.0215, 3.3583, 4, 5, 1.15
2, 0.0383, 0.0224, 3.3807, 4, 5, 1.16
2, 0.0382, 0.0161, 3.3968, 4, 5, 1.17
2, 0.0382, 0.0206, 3.4174, 4, 5, 1.18
2, 0.0381, 0.0369, 3.4543, 4, 5, 1.19
2, 0.038, 0.0269, 3.4812, 4, 5, 1.2
2, 0.038, 0.0263, 3.5075, 4, 5, 1.21
2, 0.0379, 0.0241, 3.5316, 4, 5, 1.22
2, 0.0378, 0.0196, 3.5512, 4, 5, 1.23
2, 0.0378, 0.0152, 3.5664, 4, 5, 1.24
2, 0.0377, 0.0252, 3.5916, 4, 5, 1.25
2, 0.0376, 0.0214, 3.613, 4, 5, 1.26
2, 0.0375, 0.0196, 3.6326, 4, 5, 1.27
2, 0.0375, 0.0477, 3.6803, 4, 5, 1.28
2, 0.0374, 0.0643, 3.7447, 4, 5, 1.29
2, 0.0373, 0.1395, 3.8841, 4, 5, 1.3
2, 0.0373, 0.0226, 3.9068, 4, 5, 1.31
2, 0.0372, 0.0198, 3.9265, 4, 5, 1.32
2, 0.0371, 0.0248, 3.9514, 4, 5, 1.33
2, 0.037, 0.0221, 3.9735, 4, 5, 1.34
2, 0.037, 0.0259, 3.9994, 4, 5, 1.35
2, 0.0369, 0.0262, 4.0256, 4, 5, 1.36
2, 0.0368, 0.0231, 4.0487, 4, 5, 1.37
2, 0.0368, 0.018, 4.0667, 4, 5, 1.38
2, 0.0367, 0.018, 4.0847, 4, 5, 1.39
2, 0.0366, 0.0222, 4.1069, 4, 5, 1.4
2, 0.0366, 0.0637, 4.1706, 4, 5, 1.41
2, 0.0365, 0.0398, 4.2104, 4, 5, 1.42
2, 0.0364, 0.035, 4.2454, 4, 5, 1.43
2, 0.0363, 0.0344, 4.2798, 4, 5, 1.44
2, 0.0363, 0.0211, 4.3008, 4, 5, 1.45
2, 0.0362, 0.0177, 4.3185, 4, 5, 1.46
2, 0.0361, 0.0194, 4.3379, 4, 5, 1.47
2, 0.0361, 0.0186, 4.3565, 4, 5, 1.48
2, 0.036, 0.0366, 4.3932, 4, 5, 1.49
2, 0.0359, 0.0223, 4.4154, 4, 5, 1.5
2, 0.0359, 0.0199, 4.4353, 4, 5, 1.51
2, 0.0358, 0.0157, 4.451, 4, 5, 1.52
2, 0.0357, 0.0182, 4.4692, 4, 5, 1.53
2, 0.0356, 0.0259, 4.4951, 4, 5, 1.54
2, 0.0356, 0.0319, 4.527, 4, 5, 1.55
2, 0.0355, 0.0187, 4.5457, 4, 5, 1.56
2, 0.0354, 0.0151, 4.5608, 4, 5, 1.57
2, 0.0354, 0.0352, 4.596, 4, 5, 1.58
2, 0.0353, 0.0704, 4.6665, 4, 5, 1.59
2, 0.0352, 0.0416, 4.708, 4, 5, 1.6
2, 0.0351, 0.0889, 4.797, 4, 5, 1.61
2, 0.0351, 0.0204, 4.8174, 4, 5, 1.62
2, 0.035, 0.0172, 4.8346, 4, 5, 1.63
2, 0.0349, 0.0451, 4.8797, 4, 5, 1.64
2, 0.0349, 0.0483, 4.928, 4, 5, 1.65
2, 0.0348, 0.0175, 4.9455, 4, 5, 1.66
2, 0.0347, 0.0553, 5.0008, 4, 5, 1.67
2, 0.0347, 0.0273, 5.0281, 4, 5, 1.68
2, 0.0346, 0.0207, 5.0488, 4, 5, 1.69
2, 0.0345, 0.0204, 5.0692, 4, 5, 1.7
2, 0.0344, 0.042, 5.1112, 4, 5, 1.71
2, 0.0344, 0.0219, 5.1331, 4, 5, 1.72
2, 0.0343, 0.0152, 5.1482, 4, 5, 1.73
2, 0.0342, 0.0652, 5.2135, 4, 5, 1.74
2, 0.0342, 0.0219, 5.2354, 4, 5, 1.75
2, 0.0341, 0.0437, 5.279, 4, 5, 1.76
2, 0.034, 0.0193, 5.2983, 4, 5, 1.77
2, 0.034, 0.0142, 5.3126, 4, 5, 1.78
2, 0.0339, 0.015, 5.3276, 4, 5, 1.79
2, 0.0338, 0.0542, 5.3817, 4, 5, 1.8
2, 0.0337, 0.0236, 5.4054, 4, 5, 1.81
2, 0.0337, 0.051, 5.4564, 4, 5, 1.82
2, 0.0336, 0.0241, 5.4805, 4, 5, 1.83
2, 0.0335, 0.0241, 5.5046, 4, 5, 1.84
2, 0.0335, 0.0179, 5.5225, 4, 5, 1.85
2, 0.0334, 0.0165, 5.539, 4, 5, 1.86
2, 0.0333, 0.0173, 5.5563, 4, 5, 1.87
2, 0.0332, 0.0214, 5.5776, 4, 5, 1.88
2, 0.0332, 0.0325, 5.6101, 4, 5, 1.89
2, 0.0331, 0.0144, 5.6246, 4, 5, 1.9
2, 0.033, 0.0466, 5.6712, 4, 5, 1.91
2, 0.033, 0.0565, 5.7277, 4, 5, 1.92
2, 0.0329, 0.0364, 5.7641, 4, 5, 1.93
2, 0.0328, 0.0328, 5.7969, 4, 5, 1.94
2, 0.0328, 0.0304, 5.8273, 4, 5, 1.95
2, 0.0327, 0.0198, 5.8471, 4, 5, 1.96
2, 0.0326, 0.016, 5.8631, 4, 5, 1.97
2, 0.0325, 0.017, 5.8801, 4, 5, 1.98
2, 0.0325, 0.0173, 5.8974, 4, 5, 1.99
2, 0.0324, 0.0205, 5.9178, 4, 5, 2
2, 0.0323, 0.0325, 5.9503, 4, 5, 2.01
2, 0.0323, 0.0564, 6.0067, 4, 5, 2.02
2, 0.0322, 0.0254, 6.0321, 4, 5, 2.03
2, 0.0321, 0.0247, 6.0568, 4, 5, 2.04
2, 0.0321, 0.0212, 6.0779, 4, 5, 2.05
2, 0.032, 0.0719, 6.1498, 4, 5, 2.06
2, 0.0319, 0.0262, 6.176, 4, 5, 2.07
2, 0.0318, 0.0206, 6.1966, 4, 5, 2.08
2, 0.0318, 0.0298, 6.2264, 4, 5, 2.09
2, 0.0317, 0.0396, 6.2661, 4, 5, 2.1
2, 0.0316, 0.0193, 6.2854, 4, 5, 2.11
2, 0.0316, 0.0535, 6.3389, 4, 5, 2.12
2, 0.0315, 0.0443, 6.3832, 4, 5, 2.13
2, 0.0314, 0.053, 6.4361, 4, 5, 2.14
2, 0.0314, 0.0234, 6.4595, 4, 5, 2.15
2, 0.0313, 0.0468, 6.5064, 4, 5, 2.16
2, 0.0312, 0.0236, 6.5299, 4, 5, 2.17
2, 0.0311, 0.0546, 6.5846, 4, 5, 2.18
2, 0.0311, 0.0212, 6.6057, 4, 5, 2.19
2, 0.031, 0.0181, 6.6238, 4, 5, 2.2
2, 0.0309, 0.0358, 6.6597, 4, 5, 2.21
2, 0.0309, 0.0178, 6.6774, 4, 5, 2.22
2, 0.0308, 0.016, 6.6934, 4, 5, 2.23
2, 0.0307, 0.0161, 6.7095, 4, 5, 2.24
2, 0.0307, 0.0163, 6.7258, 4, 5, 2.25
2, 0.0306, 0.0157, 6.7415, 4, 5, 2.26
2, 0.0305, 0.016, 6.7575, 4, 5, 2.27
2, 0.0304, 0.0162, 6.7738, 4, 5, 2.28
2, 0.0304, 0.0191, 6.7928, 4, 5, 2.29
2, 0.0303, 0.0176, 6.8105, 4, 5, 2.3
2, 0.0302, 0.0183, 6.8287, 4, 5, 2.31
2, 0.0302, 0.0349, 6.8637, 4, 5, 2.32
2, 0.0301, 0.0335, 6.8972, 4, 5, 2.33
2, 0.03, 0.0168, 6.914, 4, 5, 2.34
2, 0.03, 0.0219, 6.9358, 4, 5, 2.35
2, 0.0299, 0.0208, 6.9567, 4, 5, 2.36
2, 0.0298, 0.0165, 6.9732, 4, 5, 2.37
2, 0.0297, 0.0223, 6.9955, 4, 5, 2.38
2, 0.0297, 0.0205, 7.016, 4, 5, 2.39
2, 0.0296, 0.0148, 7.0308, 4, 5, 2.4
2, 0.0295, 0.0147, 7.0455, 4, 5, 2.41
2, 0.0295, 0.0256, 7.0711, 4, 5, 2.42
2, 0.0294, 0.0144, 7.0855, 4, 5, 2.43
2, 0.0293, 0.019, 7.1045, 4, 5, 2.44
2, 0.0293, 0.0158, 7.1202, 4, 5, 2.45
2, 0.0292, 0.0156, 7.1358, 4, 5, 2.46
2, 0.0291, 0.0162, 7.152, 4, 5, 2.47
2, 0.029, 0.016, 7.168, 4, 5, 2.48
2, 0.029, 0.0226, 7.1906, 4, 5, 2.49
2, 0.0289, 0.0183, 7.2089, 4, 5, 2.5
2, 0.0288, 0.0171, 7.226, 4, 5, 2.51
2, 0.0288, 0.018, 7.244, 4, 5, 2.52
2, 0.0287, 0.0174, 7.2614, 4, 5, 2.53
2, 0.0286, 0.0217, 7.2831, 4, 5, 2.54
2, 0.0286, 0.0168, 7.2998, 4, 5, 2.55
2, 0.0285, 0.0369, 7.3367, 4, 5, 2.56
2, 0.0284, 0.0164, 7.3531, 4, 5, 2.57
2, 0.0283, 0.0156, 7.3688, 4, 5, 2.58
2, 0.0283, 0.0174, 7.3861, 4, 5, 2.59
2, 0.0282, 0.0329, 7.4191, 4, 5, 2.6
2, 0.0281, 0.0226, 7.4416, 4, 5, 2.61
2, 0.0281, 0.0143, 7.456, 4, 5, 2.62
2, 0.028, 0.0333, 7.4892, 4, 5, 2.63
2, 0.0279, 0.0332, 7.5225, 4, 5, 2.64
2, 0.0279, 0.016, 7.5385, 4, 5, 2.65
2, 0.0278, 0.0219, 7.5603, 4, 5, 2.66
2, 0.0277, 0.0189, 7.5793, 4, 5, 2.67
2, 0.0276, 0.0182, 7.5974, 4, 5, 2.68
2, 0.0276, 0.0279, 7.6253, 4, 5, 2.69
2, 0.0275, 0.0179, 7.6432, 4, 5, 2.7
2, 0.0274, 0.0191, 7.6622, 4, 5, 2.71
2, 0.0274, 0.0165, 7.6788, 4, 5, 2.72
2, 0.0273, 0.0175, 7.6963, 4, 5, 2.73
2, 0.0272, 0.0164, 7.7126, 4, 5, 2.74
2, 0.0272, 0.0165, 7.7292, 4, 5, 2.75
2, 0.0271, 0.0161, 7.7452, 4, 5, 2.76
2, 0.027, 0.0175, 7.7628, 4, 5, 2.77
2, 0.0269, 0.0163, 7.779, 4, 5, 2.78
2, 0.0269, 0.0168, 7.7958, 4, 5, 2.79
2, 0.0268, 0.0162, 7.8121, 4, 5, 2.8
2, 0.0267, 0.0358, 7.8479, 4, 5, 2.81
2, 0.0267, 0.0417, 7.8896, 4, 5, 2.82
2, 0.0266, 0.0283, 7.9179, 4, 5, 2.83
2, 0.0265, 0.0144, 7.9322, 4, 5, 2.84
2, 0.0265, 0.0174, 7.9497, 4, 5, 2.85
2, 0.0264, 0.0141, 7.9638, 4, 5, 2.86
2, 0.0263, 0.0204, 7.9842, 4, 5, 2.87
2, 0.0262, 0.0193, 8.0035, 4, 5, 2.88
2, 0.0262, 0.0144, 8.0179, 4, 5, 2.89
2, 0.0261, 0.0156, 8.0335, 4, 5, 2.9
2, 0.026, 0.0162, 8.0497, 4, 5, 2.91
2, 0.026, 0.0157, 8.0654, 4, 5, 2.92
2, 0.0259, 0.0158, 8.0812, 4, 5, 2.93
2, 0.0258, 0.0263, 8.1075, 4, 5, 2.94
2, 0.0258, 0.0171, 8.1246, 4, 5, 2.95
2, 0.0257, 0.0224, 8.1471, 4, 5, 2.96
2, 0.0256, 0.0173, 8.1644, 4, 5, 2.97
2, 0.0255, 0.0184, 8.1828, 4, 5, 2.98
2, 0.0255, 0.018, 8.2008, 4, 5, 2.99
2, 0.0254, 0.0169, 8.2177, 4, 5, 3
2, 0.0253, 0.0164, 8.2342, 4, 5, 3.01
2, 0.0253, 0.0161, 8.2503, 4, 5, 3.02
2, 0.0252, 0.0359, 8.2862, 4, 5, 3.03
2, 0.0251, 0.0252, 8.3114, 4, 5, 3.04
2, 0.0251, 0.0272, 8.3386, 4, 5, 3.05
2, 0.025, 0.0503, 8.3889, 4, 5, 3.06
2, 0.0249, 0.0343, 8.4232, 4, 5, 3.07
2, 0.0248, 0.0406, 8.4637, 4, 5, 3.08
2, 0.0248, 0.0236, 8.4874, 4, 5, 3.09
2, 0.0247, 0.0174, 8.5048, 4, 5, 3.1
2, 0.0246, 0.0177, 8.5225, 4, 5, 3.11
2, 0.0246, 0.017, 8.5395, 4, 5, 3.12
2, 0.0245, 0.0367, 8.5761, 4, 5, 3.13
2, 0.0244, 0.0199, 8.5961, 4, 5, 3.14
2, 0.0244, 0.016, 8.6121, 4, 5, 3.15
2, 0.0243, 0.0164, 8.6285, 4, 5, 3.16
2, 0.0242, 0.0175, 8.646, 4, 5, 3.17
2, 0.0241, 0.0173, 8.6633, 4, 5, 3.18
2, 0.0241, 0.0166, 8.6798, 4, 5, 3.19
2, 0.024, 0.0189, 8.6987, 4, 5, 3.2
2, 0.0239, 0.0169, 8.7156, 4, 5, 3.21
2, 0.0239, 0.0281, 8.7437, 4, 5, 3.22
2, 0.0238, 0.022, 8.7657, 4, 5, 3.23
2, 0.0237, 0.0366, 8.8023, 4, 5, 3.24
2, 0.0237, 0.0316, 8.834, 4, 5, 3.25
2, 0.0236, 0.0242, 8.8582, 4, 5, 3.26
2, 0.0235, 0.0275, 8.8857, 4, 5, 3.27
2, 0.0234, 0.0335, 8.9192, 4, 5, 3.28
2, 0.0234, 0.0328, 8.952, 4, 5, 3.29
2, 0.0233, 0.0217, 8.9736, 4, 5, 3.3
2, 0.0232, 0.0139, 8.9875, 4, 5, 3.31
2, 0.0232, 0.0145, 9.002, 4, 5, 3.32
2, 0.0231, 0.0146, 9.0166, 4, 5, 3.33
2, 0.023, 0.0235, 9.0401, 4, 5, 3.34
2, 0.023, 0.0143, 9.0544, 4, 5, 3.35
2, 0.0229, 0.0144, 9.0688, 4, 5, 3.36
2, 0.0228, 0.0202, 9.0891, 4, 5, 3.37
2, 0.0228, 0.0221, 9.1112, 4, 5, 3.38
2, 0.0227, 0.0199, 9.1311, 4, 5, 3.39
2, 0.0226, 0.0165, 9.1476, 4, 5, 3.4
2, 0.0225, 0.0148, 9.1624, 4, 5, 3.41
2, 0.0225, 0.0183, 9.1807, 4, 5, 3.42
2, 0.0224, 0.0152, 9.1959, 4, 5, 3.43
2, 0.0223, 0.0213, 9.2171, 4, 5, 3.44
2, 0.0223, 0.0162, 9.2333, 4, 5, 3.45
2, 0.0222, 0.0162, 9.2496, 4, 5, 3.46
2, 0.0221, 0.0161, 9.2657, 4, 5, 3.47
2, 0.0221, 0.0616, 9.3272, 4, 5, 3.48
2, 0.022, 0.0168, 9.344, 4, 5, 3.49
2, 0.0219, 0.0171, 9.3611, 4, 5, 3.5
2, 0.0218, 0.0197, 9.3808, 4, 5, 3.51
2, 0.0218, 0.0158, 9.3966, 4, 5, 3.52
2, 0.0217, 0.0217, 9.4182, 4, 5, 3.53
2, 0.0216, 0.0399, 9.4581, 4, 5, 3.54
2, 0.0216, 0.0139, 9.472, 4, 5, 3.55
2, 0.0215, 0.015, 9.4871, 4, 5, 3.56
2, 0.0214, 0.0329, 9.52, 4, 5, 3.57
2, 0.0214, 0.0163, 9.5362, 4, 5, 3.58
2, 0.0213, 0.0206, 9.5568, 4, 5, 3.59
2, 0.0212, 0.0203, 9.5772, 4, 5, 3.6
2, 0.0211, 0.0155, 9.5927, 4, 5, 3.61
2, 0.0211, 0.0155, 9.6082, 4, 5, 3.62
2, 0.021, 0.0161, 9.6244, 4, 5, 3.63
2, 0.0209, 0.0167, 9.641, 4, 5, 3.64
2, 0.0209, 0.0159, 9.657, 4, 5, 3.65
2, 0.0208, 0.0161, 9.6731, 4, 5, 3.66
2, 0.0207, 0.0175, 9.6906, 4, 5, 3.67
2, 0.0207, 0.0161, 9.7067, 4, 5, 3.68
2, 0.0206, 0.0166, 9.7233, 4, 5, 3.69
2, 0.0205, 0.0162, 9.7395, 4, 5, 3.7
2, 0.0205, 0.0171, 9.7565, 4, 5, 3.71
2, 0.0204, 0.0167, 9.7733, 4, 5, 3.72
2, 0.0203, 0.0224, 9.7957, 4, 5, 3.73
2, 0.0202, 0.0154, 9.8111, 4, 5, 3.74
2, 0.0202, 0.0221, 9.8332, 4, 5, 3.75
2, 0.0201, 0.0237, 9.8568, 4, 5, 3.76
2, 0.02, 0.0497, 9.9066, 4, 5, 3.77
2, 0.02, 0.048, 9.9546, 4, 5, 3.78
2, 0.0199, 0.0381, 9.9927, 4, 5, 3.79
2, 0.0198, 0.0173, 10.01, 4, 5, 3.8
2, 0.0198, 0.0151, 10.0251, 4, 5, 3.81
2, 0.0197, 0.0153, 10.0403, 4, 5, 3.82
2, 0.0196, 0.0157, 10.0561, 4, 5, 3.83
2, 0.0195, 0.0158, 10.0719, 4, 5, 3.84
2, 0.0195, 0.0162, 10.0881, 4, 5, 3.85
2, 0.0194, 0.0206, 10.1087, 4, 5, 3.86
2, 0.0193, 0.0159, 10.1246, 4, 5, 3.87
2, 0.0193, 0.0155, 10.1401, 4, 5, 3.88
2, 0.0192, 0.0159, 10.156, 4, 5, 3.89
2, 0.0191, 0.0158, 10.1717, 4, 5, 3.9
2, 0.0191, 0.0206, 10.1924, 4, 5, 3.91
2, 0.019, 0.0347, 10.227, 4, 5, 3.92
2, 0.0189, 0.0136, 10.2406, 4, 5, 3.93
2, 0.0189, 0.0164, 10.257, 4, 5, 3.94
2, 0.0188, 0.042, 10.299, 4, 5, 3.95
2, 0.0187, 0.0268, 10.3258, 4, 5, 3.96
2, 0.0186, 0.0141, 10.3399, 4, 5, 3.97
2, 0.0186, 0.0149, 10.3548, 4, 5, 3.98
2, 0.0185, 0.0153, 10.3701, 4, 5, 3.99
2, 0.0184, 0.0178, 10.3879, 4, 5, 4
2, 0.0184, 0.0149, 10.4028, 4, 5, 4.01
2, 0.0183, 0.0144, 10.4172, 4, 5, 4.02
2, 0.0182, 0.0321, 10.4493, 4, 5, 4.03
2, 0.0182, 0.0155, 10.4649, 4, 5, 4.04
2, 0.0181, 0.0184, 10.4833, 4, 5, 4.05
2, 0.018, 0.0149, 10.4981, 4, 5, 4.06
2, 0.0179, 0.0151, 10.5133, 4, 5, 4.07
2, 0.0179, 0.0218, 10.5351, 4, 5, 4.08
2, 0.0178, 0.0147, 10.5498, 4, 5, 4.09
2, 0.0177, 0.0161, 10.5658, 4, 5, 4.1
2, 0.0177, 0.0151, 10.581, 4, 5, 4.11
2, 0.0176, 0.0152, 10.5961, 4, 5, 4.12
2, 0.0175, 0.017, 10.6132, 4, 5, 4.13
2, 0.0175, 0.0212, 10.6344, 4, 5, 4.14
2, 0.0174, 0.0141, 10.6484, 4, 5, 4.15
2, 0.0173, 0.0187, 10.6672, 4, 5, 4.16
2, 0.0173, 0.0143, 10.6815, 4, 5, 4.17
2, 0.0172, 0.0147, 10.6962, 4, 5, 4.18
2, 0.0171, 0.0154, 10.7115, 4, 5, 4.19
2, 0.017, 0.015, 10.7265, 4, 5, 4.2
2, 0.017, 0.0421, 10.7686, 4, 5, 4.21
2, 0.0169, 0.0183, 10.7869, 4, 5, 4.22
2, 0.0168, 0.0271, 10.814, 4, 5, 4.23
2, 0.0168, 0.015, 10.829, 4, 5, 4.24
2, 0.0167, 0.0144, 10.8434, 4, 5, 4.25
2, 0.0166, 0.0148, 10.8581, 4, 5, 4.26
2, 0.0166, 0.0209, 10.879, 4, 5, 4.27
2, 0.0165, 0.0146, 10.8935, 4, 5, 4.28
2, 0.0164, 0.0331, 10.9267, 4, 5, 4.29
2, 0.0163, 0.015, 10.9417, 4, 5, 4.3
2, 0.0163, 0.0177, 10.9594, 4, 5, 4.31
2, 0.0162, 0.023, 10.9823, 4, 5, 4.32
2, 0.0161, 0.0145, 10.9968, 4, 5, 4.33
2, 0.0161, 0.0149, 11.0117, 4, 5, 4.34
2, 0.016, 0.0149, 11.0267, 4, 5, 4.35
2, 0.0159, 0.0149, 11.0416, 4, 5, 4.36
2, 0.0159, 0.0159, 11.0575, 4, 5, 4.37
2, 0.0158, 0.015, 11.0725, 4, 5, 4.38
2, 0.0157, 0.0156, 11.0882, 4, 5, 4.39
2, 0.0157, 0.0185, 11.1066, 4, 5, 4.4
2, 0.0156, 0.0182, 11.1248, 4, 5, 4.41
2, 0.0155, 0.0153, 11.1402, 4, 5, 4.42
2, 0.0154, 0.0148, 11.1549, 4, 5, 4.43
2, 0.0154, 0.0147, 11.1696, 4, 5, 4.44
2, 0.0153, 0.0184, 11.1881, 4, 5, 4.45
2, 0.0152, 0.073, 11.261, 4, 5, 4.46
2, 0.0152, 0.0681, 11.3291, 4, 5, 4.47
2, 0.0151, 0.0227, 11.3518, 4, 5, 4.48
2, 0.015, 0.0205, 11.3723, 4, 5, 4.49
2, 0.015, 0.022, 11.3943, 4, 5, 4.5
2, 0.0149, 0.0235, 11.4178, 4, 5, 4.51
2, 0.0148, 0.0203, 11.4381, 4, 5, 4.52
2, 0.0148, 0.0136, 11.4518, 4, 5, 4.53
2, 0.0147, 0.0139, 11.4657, 4, 5, 4.54
2, 0.0146, 0.0202, 11.4859, 4, 5, 4.55
2, 0.0145, 0.0201, 11.5061, 4, 5, 4.56
2, 0.0145, 0.0148, 11.5209, 4, 5, 4.57
2, 0.0144, 0.0145, 11.5354, 4, 5, 4.58
2, 0.0143, 0.0148, 11.5502, 4, 5, 4.59
2, 0.0143, 0.0155, 11.5658, 4, 5, 4.6
2, 0.0142, 0.0154, 11.5812, 4, 5, 4.61
2, 0.0141, 0.0148, 11.596, 4, 5, 4.62
2, 0.0141, 0.015, 11.6109, 4, 5, 4.63
2, 0.014, 0.0223, 11.6333, 4, 5, 4.64
2, 0.0139, 0.0149, 11.6482, 4, 5, 4.65
2, 0.0138, 0.0211, 11.6694, 4, 5, 4.66
2, 0.0138, 0.0245, 11.6938, 4, 5, 4.67
2, 0.0137, 0.0228, 11.7167, 4, 5, 4.68
2, 0.0136, 0.0213, 11.7379, 4, 5, 4.69
2, 0.0136, 0.015, 11.7529, 4, 5, 4.7
2, 0.0135, 0.0149, 11.7679, 4, 5, 4.71
2, 0.0134, 0.0146, 11.7825, 4, 5, 4.72
2, 0.0134, 0.0351, 11.8176, 4, 5, 4.73
2, 0.0133, 0.0194, 11.837, 4, 5, 4.74
2, 0.0132, 0.0132, 11.8502, 4, 5, 4.75
2, 0.0132, 0.014, 11.8641, 4, 5, 4.76
2, 0.0131, 0.0219, 11.886, 4, 5, 4.77
2, 0.013, 0.0207, 11.9068, 4, 5, 4.78
2, 0.0129, 0.0198, 11.9266, 4, 5, 4.79
2, 0.0129, 0.0137, 11.9403, 4, 5, 4.8
2, 0.0128, 0.0141, 11.9543, 4, 5, 4.81
2, 0.0127, 0.0146, 11.9689, 4, 5, 4.82
2, 0.0127, 0.0144, 11.9834, 4, 5, 4.83
2, 0.0126, 0.015, 11.9983, 4, 5, 4.84
2, 0.0125, 0.0144, 12.0127, 4, 5, 4.85
2, 0.0125, 0.0147, 12.0274, 4, 5, 4.86
2, 0.0124, 0.0147, 12.0421, 4, 5, 4.87
2, 0.0123, 0.0154, 12.0575, 4, 5, 4.88
2, 0.0123, 0.0144, 12.0719, 4, 5, 4.89
2, 0.0122, 0.015, 12.0869, 4, 5, 4.9
2, 0.0121, 0.033, 12.1198, 4, 5, 4.91
2, 0.012, 0.0346, 12.1545, 4, 5, 4.92
2, 0.012, 0.0142, 12.1686, 4, 5, 4.93
2, 0.0119, 0.0145, 12.1831, 4, 5, 4.94
2, 0.0118, 0.0211, 12.2043, 4, 5, 4.95
2, 0.0118, 0.0202, 12.2244, 4, 5, 4.96
2, 0.0117, 0.0202, 12.2447, 4, 5, 4.97
2, 0.0116, 0.0138, 12.2584, 4, 5, 4.98
2, 0.0116, 0.0207, 12.2792, 4, 5, 4.99
2, 0.0115, 0.0142, 12.2934, 4, 5, 5
2, 0.0114, 0.0213, 12.3147, 4, 5, 5.01
2, 0.0114, 0.0134, 12.3281, 4, 5, 5.02
2, 0.0113, 0.0141, 12.3422, 4, 5, 5.03
2, 0.0112, 0.0227, 12.3649, 4, 5, 5.04
2, 0.0111, 0.0436, 12.4085, 4, 5, 5.05
2, 0.0111, 0.0143, 12.4228, 4, 5, 5.06
2, 0.011, 0.0136, 12.4364, 4, 5, 5.07
2, 0.0109, 0.0143, 12.4507, 4, 5, 5.08
2, 0.0109, 0.0152, 12.4659, 4, 5, 5.09
2, 0.0108, 0.0196, 12.4855, 4, 5, 5.1
2, 0.0107, 0.0143, 12.4998, 4, 5, 5.11
2, 0.0107, 0.0144, 12.5141, 4, 5, 5.12
2, 0.0106, 0.0145, 12.5287, 4, 5, 5.13
2, 0.0105, 0.0148, 12.5435, 4, 5, 5.14
2, 0.0105, 0.0305, 12.574, 4, 5, 5.15
2, 0.0104, 0.0142, 12.5882, 4, 5, 5.16
2, 0.0103, 0.0144, 12.6026, 4, 5, 5.17
2, 0.0102, 0.0143, 12.6169, 4, 5, 5.18
2, 0.0102, 0.0144, 12.6314, 4, 5, 5.19
2, 0.0101, 0.0157, 12.6471, 4, 5, 5.2
2, 0.01, 0.0153, 12.6624, 4, 5, 5.21
2, 0.01, 0.0151, 12.6776, 4, 5, 5.22
2, 0.0099, 0.0221, 12.6997, 4, 5, 5.23
2, 0.0098, 0.021, 12.7206, 4, 5, 5.24
2, 0.0098, 0.0134, 12.7341, 4, 5, 5.25
2, 0.0097, 0.0214, 12.7555, 4, 5, 5.26
2, 0.0096, 0.0136, 12.7691, 4, 5, 5.27
2, 0.0096, 0.021, 12.7901, 4, 5, 5.28
2, 0.0095, 0.0158, 12.8059, 4, 5, 5.29
2, 0.0094, 0.0145, 12.8204, 4, 5, 5.3
2, 0.0093, 0.022, 12.8424, 4, 5, 5.31
2, 0.0093, 0.0164, 12.8588, 4, 5, 5.32
2, 0.0092, 0.0167, 12.8755, 4, 5, 5.33
2, 0.0091, 0.0296, 12.9052, 4, 5, 5.34
2, 0.0091, 0.0134, 12.9186, 4, 5, 5.35
2, 0.009, 0.0145, 12.9331, 4, 5, 5.36
2, 0.0089, 0.0148, 12.9479, 4, 5, 5.37
2, 0.0089, 0.0144, 12.9623, 4, 5, 5.38
2, 0.0088, 0.0155, 12.9777, 4, 5, 5.39
2, 0.0087, 0.0145, 12.9922, 4, 5, 5.4
2, 0.0087, 0.0146, 13.0068, 4, 5, 5.41
2, 0.0086, 0.015, 13.0217, 4, 5, 5.42
2, 0.0085, 0.0146, 13.0363, 4, 5, 5.43
2, 0.0085, 0.0227, 13.059, 4, 5, 5.44
2, 0.0084, 0.0145, 13.0736, 4, 5, 5.45
2, 0.0083, 0.0142, 13.0877, 4, 5, 5.46
2, 0.0082, 0.0469, 13.1346, 4, 5, 5.47
2, 0.0082, 0.0218, 13.1565, 4, 5, 5.48
2, 0.0081, 0.0139, 13.1703, 4, 5, 5.49
2, 0.008, 0.0203, 13.1906, 4, 5, 5.5
2, 0.008, 0.0238, 13.2144, 4, 5, 5.51
2, 0.0079, 0.0135, 13.2278, 4, 5, 5.52
2, 0.0078, 0.0147, 13.2425, 4, 5, 5.53
2, 0.0078, 0.0194, 13.262, 4, 5, 5.54
2, 0.0077, 0.0151, 13.277, 4, 5, 5.55
2, 0.0076, 0.0146, 13.2916, 4, 5, 5.56
2, 0.0076, 0.0201, 13.3117, 4, 5, 5.57
2, 0.0075, 0.0332, 13.3449, 4, 5, 5.58
2, 0.0074, 0.0216, 13.3666, 4, 5, 5.59
2, 0.0073, 0.0148, 13.3814, 4, 5, 5.6
2, 0.0073, 0.0149, 13.3963, 4, 5, 5.61
2, 0.0072, 0.0197, 13.416, 4, 5, 5.62
2, 0.0071, 0.0147, 13.4307, 4, 5, 5.63
2, 0.0071, 0.0145, 13.4452, 4, 5, 5.64
2, 0.007, 0.0145, 13.4597, 4, 5, 5.65
2, 0.0069, 0.0183, 13.478, 4, 5, 5.66
2, 0.0069, 0.0155, 13.4935, 4, 5, 5.67
2, 0.0068, 0.044, 13.5375, 4, 5, 5.68
2, 0.0067, 0.0162, 13.5536, 4, 5, 5.69
2, 0.0067, 0.0143, 13.568, 4, 5, 5.7
2, 0.0066, 0.0148, 13.5828, 4, 5, 5.71
2, 0.0065, 0.0158, 13.5985, 4, 5, 5.72
2, 0.0064, 0.0417, 13.6402, 4, 5, 5.73
2, 0.0064, 0.0137, 13.654, 4, 5, 5.74
2, 0.0063, 0.0157, 13.6697, 4, 5, 5.75
2, 0.0062, 0.0146, 13.6843, 4, 5, 5.76
2, 0.0062, 0.0245, 13.7088, 4, 5, 5.77
2, 0.0061, 0.0147, 13.7234, 4, 5, 5.78
2, 0.006, 0.0151, 13.7385, 4, 5, 5.79
2, 0.006, 0.0204, 13.7589, 4, 5, 5.8
2, 0.0059, 0.0145, 13.7734, 4, 5, 5.81
2, 0.0058, 0.0143, 13.7877, 4, 5, 5.82
2, 0.0058, 0.0203, 13.8081, 4, 5, 5.83
2, 0.0057, 0.014, 13.822, 4, 5, 5.84
2, 0.0056, 0.0143, 13.8364, 4, 5, 5.85
2, 0.0056, 0.0147, 13.851, 4, 5, 5.86
2, 0.0055, 0.0222, 13.8732, 4, 5, 5.87
2, 0.0054, 0.0147, 13.8879, 4, 5, 5.88
2, 0.0053, 0.0148, 13.9027, 4, 5, 5.89
2, 0.0053, 0.0146, 13.9173, 4, 5, 5.9
2, 0.0052, 0.0151, 13.9325, 4, 5, 5.91
2, 0.0051, 0.0145, 13.947, 4, 5, 5.92
2, 0.0051, 0.0155, 13.9625, 4, 5, 5.93
2, 0.005, 0.0149, 13.9774, 4, 5, 5.94
2, 0.0049, 0.0146, 13.992, 4, 5, 5.95
2, 0.0049, 0.0145, 14.0065, 4, 5, 5.96
2, 0.0048, 0.0147, 14.0212, 4, 5, 5.97
2, 0.0047, 0.0149, 14.0361, 4, 5, 5.98
2, 0.0047, 0.0145, 14.0506, 4, 5, 5.99
2, 0.0046, 0.0153, 14.0659, 4, 5, 6
2, 0.0045, 0.0146, 14.0805, 4, 5, 6.01
2, 0.0044, 0.035, 14.1156, 4, 5, 6.02
2, 0.0044, 0.0497, 14.1652, 4, 5, 6.03
2, 0.0043, 0.0422, 14.2074, 4, 5, 6.04
2, 0.0042, 0.0421, 14.2496, 4, 5, 6.05
2, 0.0042, 0.0147, 14.2643, 4, 5, 6.06
2, 0.0041, 0.0146, 14.2789, 4, 5, 6.07
2, 0.004, 0.0156, 14.2945, 4, 5, 6.08
2, 0.004, 0.015, 14.3095, 4, 5, 6.09
2, 0.0039, 0.0152, 14.3247, 4, 5, 6.1
2, 0.0038, 0.0227, 14.3473, 4, 5, 6.11
2, 0.0038, 0.0152, 14.3625, 4, 5, 6.12
2, 0.0037, 0.0214, 14.3839, 4, 5, 6.13
2, 0.0036, 0.0158, 14.3997, 4, 5, 6.14
2, 0.0036, 0.0154, 14.4151, 4, 5, 6.15
2, 0.0035, 0.0153, 14.4304, 4, 5, 6.16
2, 0.0034, 0.0148, 14.4452, 4, 5, 6.17
2, 0.0033, 0.0149, 14.4601, 4, 5, 6.18
2, 0.0033, 0.0162, 14.4762, 4, 5, 6.19
2, 0.0032, 0.0193, 14.4955, 4, 5, 6.2
2, 0.0031, 0.0199, 14.5154, 4, 5, 6.21
2, 0.0031, 0.0142, 14.5295, 4, 5, 6.22
2, 0.003, 0.0146, 14.5442, 4, 5, 6.23
2, 0.0029, 0.0149, 14.5591, 4, 5, 6.24
2, 0.0029, 0.0156, 14.5746, 4, 5, 6.25
2, 0.0028, 0.0145, 14.5892, 4, 5, 6.26
2, 0.0027, 0.0178, 14.6069, 4, 5, 6.27
2, 0.0027, 0.015, 14.6219, 4, 5, 6.28
2, 0.0026, 0.0149, 14.6368, 4, 5, 6.29
2, 0.0025, 0.0293, 14.6662, 4, 5, 6.3
2, 0.0025, 0.021, 14.6871, 4, 5, 6.31
2, 0.0024, 0.0135, 14.7006, 4, 5, 6.32
2, 0.0023, 0.0219, 14.7225, 4, 5, 6.33
2, 0.0022, 0.0204, 14.7429, 4, 5, 6.34
2, 0.0022, 0.0139, 14.7568, 4, 5, 6.35
2, 0.0021, 0.0138, 14.7706, 4, 5, 6.36
2, 0.002, 0.0139, 14.7844, 4, 5, 6.37
2, 0.002, 0.0424, 14.8269, 4, 5, 6.38
2, 0.0019, 0.0208, 14.8476, 4, 5, 6.39
2, 0.0018, 0.0142, 14.8618, 4, 5, 6.4
2, 0.0018, 0.0146, 14.8764, 4, 5, 6.41
2, 0.0017, 0.0151, 14.8915, 4, 5, 6.42
2, 0.0016, 0.0193, 14.9108, 4, 5, 6.43
2, 0.0016, 0.0147, 14.9255, 4, 5, 6.44
2, 0.0015, 0.0145, 14.94, 4, 5, 6.45
2, 0.0014, 0.0153, 14.9553, 4, 5, 6.46
2, 0.0014, 0.0178, 14.9731, 4, 5, 6.47
2, 0.0013, 0.0147, 14.9878, 4, 5, 6.48
2, 0.0012, 0.0145, 15.0023, 4, 5, 6.49
2, 0.0011, 0.0147, 15.017, 4, 5, 6.5
2, 0.0011, 0.0152, 15.0322, 4, 5, 6.51
2, 0.001, 0.0221, 15.0543, 4, 5, 6.52
2, 0.0009, 0.0321, 15.0863, 4, 5, 6.53
2, 0.0009, 0.0222, 15.1085, 4, 5, 6.54
2, 0.0008, 0.0148, 15.1233, 4, 5, 6.55
2, 0.0007, 0.0189, 15.1422, 4, 5, 6.56
2, 0.0007, 0.016, 15.1582, 4, 5, 6.57
2, 0.0006, 0.018, 15.1762, 4, 5, 6.58
2, 0.0005, 0.0163, 15.1925, 4, 5, 6.59
2, 0.0005, 0.016, 15.2085, 4, 5, 6.6
2, 0.0004, 0.0274, 15.2359, 4, 5, 6.61
2, 0.0003, 0.0228, 15.2587, 4, 5, 6.62
2, 0.0003, 0.0229, 15.2815, 4, 5, 6.63
2, 0.0002, 0.0189, 15.3004, 4, 5, 6.64
2, 0.0001, 0.0163, 15.3168, 4, 5, 6.65
2, 0, 0.0163, 15.333, 4, 5, 6.66
2, 0, 0.0123, 15.3453, 4, 5, 6.67
2, 0, 0.0106, 15.356, 4, 5, 6.68
2, 0, 0.0108, 15.3667, 4, 5, 6.69
2, 0, 0.0111, 15.3778, 4, 5, 6.7
2, 0, 0.0103, 15.388, 4, 5, 6.71
2, 0, 0.0099, 15.3979, 4, 5, 6.72
2, 0, 0.0092, 15.4071, 4, 5, 6.73
2, 0, 0.0102, 15.4173, 4, 5, 6.74
2, 0, 0.0095, 15.4268, 4, 5, 6.75
2, 0, 0.0104, 15.4372, 4, 5, 6.76
2, 0, 0.0101, 15.4473, 4, 5, 6.77
2, 0, 0.0103, 15.4576, 4, 5, 6.78
2, 0, 0.0116, 15.4692, 4, 5, 6.79
2, 0, 0.0102, 15.4794, 4, 5, 6.8
2, 0, 0.0099, 15.4893, 4, 5, 6.81
2, 0, 0.01, 15.4993, 4, 5, 6.82
2, 0, 0.0106, 15.5099, 4, 5, 6.83
2, 0, 0.0097, 15.5196, 4, 5, 6.84
2, 0, 0.0099, 15.5295, 4, 5, 6.85
2, 0, 0.0099, 15.5394, 4, 5, 6.86
2, 0, 0.01, 15.5494, 4, 5, 6.87
2, 0, 0.0115, 15.5609, 4, 5, 6.88
2, 0, 0.0107, 15.5715, 4, 5, 6.89
2, 0, 0.0095, 15.581, 4, 5, 6.9
2, 0, 0.0095, 15.5905, 4, 5, 6.91
2, 0, 0.0089, 15.5994, 4, 5, 6.92
2, 0, 0.0086, 15.6081, 4, 5, 6.93
2, 0, 0.009, 15.617, 4, 5, 6.94
2, 0, 0.0089, 15.6259, 4, 5, 6.95
2, 0, 0.0084, 15.6344, 4, 5, 6.96
2, 0, 0.0099, 15.6443, 4, 5, 6.97
2, 0, 0.0088, 15.6531, 4, 5, 6.98
2, 0, 0.0103, 15.6634, 4, 5, 6.99
2, 0, 0.0099, 15.6732, 4, 5, 7
2, 0, 0.0113, 15.6846, 4, 5, 7.01
2, 0, 0.0094, 15.694, 4, 5, 7.02
2, 0, 0.0099, 15.7039, 4, 5, 7.03
2, 0, 0.0101, 15.714, 4, 5, 7.04
2, 0, 0.0095, 15.7235, 4, 5, 7.05
2, 0, 0.0102, 15.7338, 4, 5, 7.06
2, 0, 0.0098, 15.7435, 4, 5, 7.07
2, 0, 0.0099, 15.7534, 4, 5, 7.08
2, 0, 0.0101, 15.7635, 4, 5, 7.09
2, 0, 0.0102, 15.7737, 4, 5, 7.1
2, 0, 0.0105, 15.7841, 4, 5, 7.11
2, 0, 0.0107, 15.7948, 4, 5, 7.12
2, 0, 0.0105, 15.8053, 4, 5, 7.13
2, 0, 0.0103, 15.8156, 4, 5, 7.14
2, 0, 0.0103, 15.8259, 4, 5, 7.15
2, 0, 0.0105, 15.8364, 4, 5, 7.16
2, 0, 0.0096, 15.846, 4, 5, 7.17
2, 0, 0.0101, 15.8561, 4, 5, 7.18
2, 0, 0.0099, 15.8661, 4, 5, 7.19
2, 0, 0.0095, 15.8755, 4, 5, 7.2
2, 0, 0.0098, 15.8853, 4, 5, 7.21
2, 0, 0.0093, 15.8947, 4, 5, 7.22
2, 0, 0.0095, 15.9042, 4, 5, 7.23
2, 0, 0.0091, 15.9133, 4, 5, 7.24
2, 0, 0.0095, 15.9228, 4, 5, 7.25
2, 0, 0.0095, 15.9323, 4, 5, 7.26
2, 0, 0.0092, 15.9415, 4, 5, 7.27
2, 0, 0.0087, 15.9502, 4, 5, 7.28
2, 0, 0.0111, 15.9613, 4, 5, 7.29
2, 0, 0.0109, 15.9723, 4, 5, 7.3
2, 0, 0.0097, 15.982, 4, 5, 7.31
2, 0, 0.0104, 15.9924, 4, 5, 7.32
2, 0, 0.0106, 16.003, 4, 5, 7.33
2, 0, 0.0104, 16.0134, 4, 5, 7.34
2, 0, 0.0102, 16.0236, 4, 5, 7.35
2, 0, 0.0105, 16.0341, 4, 5, 7.36
2, 0, 0.0107, 16.0448, 4, 5, 7.37
2, 0, 0.009, 16.0538, 4, 5, 7.38
2, 0, 0.0091, 16.0629, 4, 5, 7.39
2, 0, 0.0091, 16.072, 4, 5, 7.4
2, 0, 0.0093, 16.0813, 4, 5, 7.41
2, 0, 0.0098, 16.0911, 4, 5, 7.42
2, 0, 0.0093, 16.1004, 4, 5, 7.43
2, 0, 0.0096, 16.11, 4, 5, 7.44
2, 0, 0.0098, 16.1198, 4, 5, 7.45
2, 0, 0.0104, 16.1303, 4, 5, 7.46
2, 0, 0.01, 16.1403, 4, 5, 7.47
2, 0, 0.0107, 16.151, 4, 5, 7.48
2, 0, 0.0104, 16.1614, 4, 5, 7.49
2, 0, 0.0098, 16.1713, 4, 5, 7.5
2, 0, 0.0104, 16.1817, 4, 5, 7.51
2, 0, 0.0099, 16.1916, 4, 5, 7.52
2, 0, 0.0106, 16.2022, 4, 5, 7.53
2, 0, 0.0099, 16.212, 4, 5, 7.54
2, 0, 0.01, 16.222, 4, 5, 7.55
2, 0, 0.01, 16.232, 4, 5, 7.56
2, 0, 0.0099, 16.2419, 4, 5, 7.57
2, 0, 0.0096, 16.2515, 4, 5, 7.58
2, 0, 0.0103, 16.2618, 4, 5, 7.59
2, 0, 0.0094, 16.2712, 4, 5, 7.6
2, 0, 0.0095, 16.2807, 4, 5, 7.61
2, 0, 0.0094, 16.2901, 4, 5, 7.62
2, 0, 0.0096, 16.2996, 4, 5, 7.63
2, 0, 0.01, 16.3097, 4, 5, 7.64
2, 0, 0.0099, 16.3196, 4, 5, 7.65
2, 0, 0.0095, 16.3291, 4, 5, 7.66
2, 0, 0.0095, 16.3386, 4, 5, 7.67
2, 0, 0.0097, 16.3483, 4, 5, 7.68
2, 0, 0.0092, 16.3576, 4, 5, 7.69
2, 0, 0.0088, 16.3664, 4, 5, 7.7
2, 0, 0.0093, 16.3756, 4, 5, 7.71
2, 0, 0.0091, 16.3847, 4, 5, 7.72
2, 0, 0.0089, 16.3936, 4, 5, 7.73
2, 0, 0.0095, 16.4031, 4, 5, 7.74
2, 0, 0.0098, 16.4129, 4, 5, 7.75
2, 0, 0.0104, 16.4233, 4, 5, 7.76
2, 0, 0.0095, 16.4328, 4, 5, 7.77
2, 0, 0.0091, 16.4419, 4, 5, 7.78
2, 0, 0.009, 16.451, 4, 5, 7.79
2, 0, 0.0091, 16.46, 4, 5, 7.8
2, 0, 0.0094, 16.4695, 4, 5, 7.81
2, 0, 0.0092, 16.4786, 4, 5, 7.82
2, 0, 0.0092, 16.4879, 4, 5, 7.83
2, 0, 0.0089, 16.4967, 4, 5, 7.84
2, 0, 0.0112, 16.508, 4, 5, 7.85
2, 0, 0.0109, 16.5189, 4, 5, 7.86
2, 0, 0.01, 16.5288, 4, 5, 7.87
2, 0, 0.0099, 16.5387, 4, 5, 7.88
2, 0, 0.0101, 16.5488, 4, 5, 7.89
2, 0, 0.0099, 16.5587, 4, 5, 7.9
2, 0, 0.01, 16.5687, 4, 5, 7.91
2, 0, 0.0108, 16.5795, 4, 5, 7.92
2, 0, 0.0105, 16.5899, 4, 5, 7.93
2, 0, 0.0101, 16.6, 4, 5, 7.94
2, 0, 0.0122, 16.6123, 4, 5, 7.95
2, 0, 0.0098, 16.622, 4, 5, 7.96
2, 0, 0.01, 16.632, 4, 5, 7.97
2, 0, 0.01, 16.642, 4, 5, 7.98
2, 0, 0.0101, 16.6522, 4, 5, 7.99
2, 0, 0.0096, 16.6617, 4, 5, 8
2, 0, 0.0094, 16.6712, 4, 5, 8.01
2, 0, 0.009, 16.6802, 4, 5, 8.02
2, 0, 0.0092, 16.6893, 4, 5, 8.03
2, 0, 0.0087, 16.698, 4, 5, 8.04
2, 0, 0.0085, 16.7065, 4, 5, 8.05
2, 0, 0.0089, 16.7154, 4, 5, 8.06
2, 0, 0.0087, 16.724, 4, 5, 8.07
2, 0, 0.0091, 16.7332, 4, 5, 8.08
2, 0, 0.0093, 16.7425, 4, 5, 8.09
2, 0, 0.0093, 16.7518, 4, 5, 8.1
2, 0, 0.0094, 16.7613, 4, 5, 8.11
2, 0, 0.0092, 16.7705, 4, 5, 8.12
2, 0, 0.0095, 16.78, 4, 5, 8.13
2, 0, 0.0089, 16.7889, 4, 5, 8.14
2, 0, 0.0107, 16.7996, 4, 5, 8.15
2, 0, 0.0096, 16.8092, 4, 5, 8.16
2, 0, 0.0091, 16.8182, 4, 5, 8.17
2, 0, 0.0089, 16.8271, 4, 5, 8.18
2, 0, 0.0094, 16.8365, 4, 5, 8.19
2, 0, 0.0093, 16.8458, 4, 5, 8.2
2, 0, 0.0095, 16.8553, 4, 5, 8.21
2, 0, 0.0088, 16.864, 4, 5, 8.22
2, 0, 0.0088, 16.8729, 4, 5, 8.23
2, 0, 0.0104, 16.8833, 4, 5, 8.24
2, 0, 0.0107, 16.894, 4, 5, 8.25
2, 0, 0.0103, 16.9043, 4, 5, 8.26
2, 0, 0.0101, 16.9143, 4, 5, 8.27
2, 0, 0.0105, 16.9248, 4, 5, 8.28
2, 0, 0.0102, 16.935, 4, 5, 8.29
2, 0, 0.0106, 16.9456, 4, 5, 8.3
2, 0, 0.0098, 16.9554, 4, 5, 8.31
2, 0, 0.01, 16.9654, 4, 5, 8.32
2, 0, 0.01, 16.9754, 4, 5, 8.33
2, 0, 0.0096, 16.985, 4, 5, 8.34
2, 0, 0.0095, 16.9945, 4, 5, 8.35
2, 0, 0.0094, 17.0039, 4, 5, 8.36
2, 0, 0.0111, 17.015, 4, 5, 8.37
2, 0, 0.0099, 17.0249, 4, 5, 8.38
2, 0, 0.0104, 17.0354, 4, 5, 8.39
2, 0, 0.0095, 17.0448, 4, 5, 8.4
2, 0, 0.0106, 17.0554, 4, 5, 8.41
2, 0, 0.0098, 17.0652, 4, 5, 8.42
2, 0, 0.01, 17.0752, 4, 5, 8.43
2, 0, 0.0089, 17.0841, 4, 5, 8.44
2, 0, 0.0113, 17.0954, 4, 5, 8.45
2, 0, 0.0088, 17.1042, 4, 5, 8.46
2, 0, 0.0089, 17.1131, 4, 5, 8.47
2, 0, 0.0091, 17.1222, 4, 5, 8.48
2, 0, 0.0096, 17.1318, 4, 5, 8.49
2, 0, 0.0088, 17.1406, 4, 5, 8.5
2, 0, 0.0087, 17.1492, 4, 5, 8.51
2, 0, 0.0092, 17.1584, 4, 5, 8.52
2, 0, 0.0088, 17.1672, 4, 5, 8.53
2, 0, 0.0099, 17.1771, 4, 5, 8.54
2, 0, 0.0093, 17.1864, 4, 5, 8.55
2, 0, 0.0101, 17.1964, 4, 5, 8.56
2, 0, 0.0097, 17.2061, 4, 5, 8.57
2, 0, 0.0099, 17.2161, 4, 5, 8.58
2, 0, 0.0102, 17.2263, 4, 5, 8.59
2, 0, 0.0097, 17.236, 4, 5, 8.6
2, 0, 0.0098, 17.2458, 4, 5, 8.61
2, 0, 0.0095, 17.2553, 4, 5, 8.62
2, 0, 0.0107, 17.266, 4, 5, 8.63
2, 0, 0.01, 17.276, 4, 5, 8.64
2, 0, 0.0115, 17.2875, 4, 5, 8.65
2, 0, 0.0112, 17.2987, 4, 5, 8.66
2, 0, 0.0104, 17.3091, 4, 5, 8.67
2, 0, 0.0109, 17.32, 4, 5, 8.68
2, 0, 0.0103, 17.3303, 4, 5, 8.69
2, 0, 0.0101, 17.3405, 4, 5, 8.7
2, 0, 0.0104, 17.3509, 4, 5, 8.71
2, 0, 0.0096, 17.3605, 4, 5, 8.72
2, 0, 0.0102, 17.3707, 4, 5, 8.73
2, 0, 0.0103, 17.381, 4, 5, 8.74
2, 0, 0.0096, 17.3905, 4, 5, 8.75
2, 0, 0.0102, 17.4007, 4, 5, 8.76
2, 0, 0.0099, 17.4106, 4, 5, 8.77
2, 0, 0.0089, 17.4195, 4, 5, 8.78
2, 0, 0.0091, 17.4285, 4, 5, 8.79
2, 0, 0.0098, 17.4384, 4, 5, 8.8
2, 0, 0.0094, 17.4478, 4, 5, 8.81
2, 0, 0.0095, 17.4573, 4, 5, 8.82
2, 0, 0.0091, 17.4664, 4, 5, 8.83
2, 0, 0.0098, 17.4762, 4, 5, 8.84
2, 0, 0.0099, 17.4861, 4, 5, 8.85
2, 0, 0.0096, 17.4957, 4, 5, 8.86
2, 0, 0.0104, 17.5061, 4, 5, 8.87
2, 0, 0.0103, 17.5164, 4, 5, 8.88
2, 0, 0.0095, 17.5259, 4, 5, 8.89
2, 0, 0.0102, 17.5361, 4, 5, 8.9
2, 0, 0.0102, 17.5463, 4, 5, 8.91
2, 0, 0.0101, 17.5565, 4, 5, 8.92
2, 0, 0.0099, 17.5664, 4, 5, 8.93
2, 0, 0.011, 17.5774, 4, 5, 8.94
2, 0, 0.0099, 17.5873, 4, 5, 8.95
2, 0, 0.0106, 17.5978, 4, 5, 8.96
2, 0, 0.0099, 17.6078, 4, 5, 8.97
2, 0, 0.0091, 17.6169, 4, 5, 8.98
2, 0, 0.0091, 17.626, 4, 5, 8.99
2, 0, 0.0092, 17.6352, 4, 5, 9
2, 0, 0.0093, 17.6445, 4, 5, 9.01
2, 0, 0.009, 17.6535, 4, 5, 9.02
2, 0, 0.0089, 17.6624, 4, 5, 9.03
2, 0, 0.009, 17.6714, 4, 5, 9.04
2, 0, 0.009, 17.6804, 4, 5, 9.05
2, 0, 0.0095, 17.6899, 4, 5, 9.06
2, 0, 0.0093, 17.6992, 4, 5, 9.07
2, 0, 0.0101, 17.7093, 4, 5, 9.08
2, 0, 0.0102, 17.7194, 4, 5, 9.09
2, 0, 0.0096, 17.7291, 4, 5, 9.1
2, 0, 0.0095, 17.7386, 4, 5, 9.11
2, 0, 0.0095, 17.7481, 4, 5, 9.12
2, 0, 0.01, 17.7581, 4, 5, 9.13
2, 0, 0.0103, 17.7684, 4, 5, 9.14
2, 0, 0.0102, 17.7787, 4, 5, 9.15
2, 0, 0.0108, 17.7895, 4, 5, 9.16
2, 0, 0.0096, 17.7991, 4, 5, 9.17
2, 0, 0.0101, 17.8091, 4, 5, 9.18
2, 0, 0.01, 17.8191, 4, 5, 9.19
2, 0, 0.0102, 17.8293, 4, 5, 9.2
2, 0, 0.0094, 17.8386, 4, 5, 9.21
2, 0, 0.0095, 17.8481, 4, 5, 9.22
2, 0, 0.0093, 17.8574, 4, 5, 9.23
2, 0, 0.0118, 17.8692, 4, 5, 9.24
2, 0, 0.0106, 17.8798, 4, 5, 9.25
2, 0, 0.0102, 17.8901, 4, 5, 9.26
2, 0, 0.0106, 17.9006, 4, 5, 9.27
2, 0, 0.0105, 17.9111, 4, 5, 9.28
2, 0, 0.0106, 17.9217, 4, 5, 9.29
2, 0, 0.0099, 17.9316, 4, 5, 9.3
2, 0, 0.0109, 17.9425, 4, 5, 9.31
2, 0, 0.0099, 17.9524, 4, 5, 9.32
2, 0, 0.0119, 17.9643, 4, 5, 9.33
2, 0, 0.0098, 17.9741, 4, 5, 9.34
2, 0, 0.0093, 17.9834, 4, 5, 9.35
2, 0, 0.009, 17.9924, 4, 5, 9.36
2, 0, 0.0095, 18.0019, 4, 5, 9.37
2, 0, 0.0104, 18.0123, 4, 5, 9.38
2, 0, 0.0094, 18.0217, 4, 5, 9.39
2, 0, 0.0102, 18.032, 4, 5, 9.4
2, 0, 0.0096, 18.0415, 4, 5, 9.41
2, 0, 0.0098, 18.0514, 4, 5, 9.42
2, 0, 0.0102, 18.0616, 4, 5, 9.43
2, 0, 0.0092, 18.0708, 4, 5, 9.44
2, 0, 0.009, 18.0798, 4, 5, 9.45
2, 0, 0.0093, 18.0891, 4, 5, 9.46
2, 0, 0.0096, 18.0987, 4, 5, 9.47
2, 0, 0.0088, 18.1075, 4, 5, 9.48
2, 0, 0.0086, 18.1161, 4, 5, 9.49
2, 0, 0.0087, 18.1247, 4, 5, 9.5
2, 0, 0.0085, 18.1333, 4, 5, 9.51
2, 0, 0.0088, 18.1421, 4, 5, 9.52
2, 0, 0.0089, 18.151, 4, 5, 9.53
2, 0, 0.0107, 18.1617, 4, 5, 9.54
2, 0, 0.0104, 18.1721, 4, 5, 9.55
2, 0, 0.0102, 18.1822, 4, 5, 9.56
2, 0, 0.0104, 18.1927, 4, 5, 9.57
2, 0, 0.0112, 18.2039, 4, 5, 9.58
2, 0, 0.0102, 18.214, 4, 5, 9.59
2, 0, 0.0096, 18.2237, 4, 5, 9.6
2, 0, 0.0089, 18.2325, 4, 5, 9.61
2, 0, 0.0099, 18.2425, 4, 5, 9.62
2, 0, 0.0096, 18.2521, 4, 5, 9.63
2, 0, 0.011, 18.2631, 4, 5, 9.64
2, 0, 0.0104, 18.2735, 4, 5, 9.65
2, 0, 0.0101, 18.2836, 4, 5, 9.66
2, 0, 0.0104, 18.294, 4, 5, 9.67
2, 0, 0.0104, 18.3044, 4, 5, 9.68
2, 0, 0.0113, 18.3157, 4, 5, 9.69
2, 0, 0.0096, 18.3253, 4, 5, 9.7
2, 0, 0.0099, 18.3352, 4, 5, 9.71
2, 0, 0.0095, 18.3447, 4, 5, 9.72
2, 0, 0.0114, 18.3561, 4, 5, 9.73
2, 0, 0.0097, 18.3658, 4, 5, 9.74
2, 0, 0.0099, 18.3757, 4, 5, 9.75
2, 0, 0.0099, 18.3857, 4, 5, 9.76
2, 0, 0.0109, 18.3966, 4, 5, 9.77
2, 0, 0.0102, 18.4068, 4, 5, 9.78
2, 0, 0.0107, 18.4176, 4, 5, 9.79
2, 0, 0.01, 18.4275, 4, 5, 9.8
2, 0, 0.0098, 18.4374, 4, 5, 9.81
2, 0, 0.0097, 18.447, 4, 5, 9.82
2, 0, 0.0127, 18.4598, 4, 5, 9.83
2, 0, 0.0101, 18.4699, 4, 5, 9.84
2, 0, 0.0105, 18.4803, 4, 5, 9.85
2, 0, 0.0106, 18.4909, 4, 5, 9.86
2, 0, 0.0098, 18.5007, 4, 5, 9.87
2, 0, 0.011, 18.5117, 4, 5, 9.88
2, 0, 0.0087, 18.5204, 4, 5, 9.89
2, 0, 0.0087, 18.5291, 4, 5, 9.9
2, 0, 0.0086, 18.5377, 4, 5, 9.91
2, 0, 0.0092, 18.5469, 4, 5, 9.92
2, 0, 0.0088, 18.5558, 4, 5, 9.93
2, 0, 0.0088, 18.5646, 4, 5, 9.94
2, 0, 0.0087, 18.5733, 4, 5, 9.95
2, 0, 0.0089, 18.5822, 4, 5, 9.96
2, 0, 0.0092, 18.5913, 4, 5, 9.97
2, 0, 0.0095, 18.6008, 4, 5, 9.98
2, 0, 0.009, 18.6098, 4, 5, 9.99
2, 0, 0.0094, 18.6191, 4, 5, 10
2, 0, 0.009, 18.6281, 4, 5, 10.01
2, 0, 0.009, 18.6372, 4, 5, 10.02
2, 0, 0.0105, 18.6476, 4, 5, 10.03
2, 0, 0.0102, 18.6578, 4, 5, 10.04
2, 0, 0.0094, 18.6672, 4, 5, 10.05
2, 0, 0.0091, 18.6763, 4, 5, 10.06
2, 0, 0.0094, 18.6857, 4, 5, 10.07
2, 0, 0.0099, 18.6956, 4, 5, 10.08
2, 0, 0.0087, 18.7043, 4, 5, 10.09
2, 0, 0.009, 18.7133, 4, 5, 10.1
2, 0, 0.0094, 18.7227, 4, 5, 10.11
2, 0, 0.0096, 18.7323, 4, 5, 10.12
2, 0, 0.0111, 18.7434, 4, 5, 10.13
2, 0, 0.0103, 18.7537, 4, 5, 10.14
2, 0, 0.0108, 18.7644, 4, 5, 10.15
2, 0, 0.0098, 18.7742, 4, 5, 10.16
2, 0, 0.01, 18.7842, 4, 5, 10.17
2, 0, 0.0105, 18.7947, 4, 5, 10.18
2, 0, 0.0105, 18.8052, 4, 5, 10.19
2, 0, 0.0099, 18.8151, 4, 5, 10.2
2, 0, 0.0095, 18.8247, 4, 5, 10.21
2, 0, 0.0097, 18.8343, 4, 5, 10.22
2, 0, 0.0118, 18.8462, 4, 5, 10.23
2, 0, 0.0101, 18.8562, 4, 5, 10.24
2, 0, 0.0095, 18.8658, 4, 5, 10.25
2, 0, 0.0091, 18.8748, 4, 5, 10.26
2, 0, 0.0091, 18.8839, 4, 5, 10.27
2, 0, 0.0088, 18.8927, 4, 5, 10.28
2, 0, 0.0097, 18.9024, 4, 5, 10.29
2, 0, 0.0103, 18.9126, 4, 5, 10.3
2, 0, 0.0102, 18.9229, 4, 5, 10.31
2, 0, 0.0093, 18.9322, 4, 5, 10.32
2, 0, 0.0107, 18.9428, 4, 5, 10.33
2, 0, 0.0092, 18.9521, 4, 5, 10.34
2, 0, 0.0097, 18.9618, 4, 5, 10.35
2, 0, 0.0101, 18.9718, 4, 5, 10.36
2, 0, 0.0098, 18.9816, 4, 5, 10.37
2, 0, 0.0098, 18.9914, 4, 5, 10.38
2, 0, 0.0098, 19.0012, 4, 5, 10.39
2, 0, 0.0093, 19.0105, 4, 5, 10.4
2, 0, 0.0088, 19.0193, 4, 5, 10.41
2, 0, 0.0095, 19.0289, 4, 5, 10.42
2, 0, 0.0096, 19.0385, 4, 5, 10.43
2, 0, 0.0089, 19.0474, 4, 5, 10.44
2, 0, 0.0095, 19.0569, 4, 5, 10.45
2, 0, 0.0103, 19.0672, 4, 5, 10.46
2, 0, 0.0101, 19.0773, 4, 5, 10.47
2, 0, 0.0102, 19.0876, 4, 5, 10.48
2, 0, 0.0101, 19.0977, 4, 5, 10.49
2, 0, 0.0095, 19.1072, 4, 5, 10.5
2, 0, 0.0099, 19.1171, 4, 5, 10.51
2, 0, 0.0101, 19.1271, 4, 5, 10.52
2, 0, 0.01, 19.1371, 4, 5, 10.53
2, 0, 0.0106, 19.1477, 4, 5, 10.54
2, 0, 0.0098, 19.1575, 4, 5, 10.55
2, 0, 0.0101, 19.1676, 4, 5, 10.56
2, 0, 0.0104, 19.178, 4, 5, 10.57
2, 0, 0.0104, 19.1885, 4, 5, 10.58
2, 0, 0.0099, 19.1984, 4, 5, 10.59
2, 0, 0.0097, 19.2081, 4, 5, 10.6
2, 0, 0.0103, 19.2184, 4, 5, 10.61
2, 0, 0.0096, 19.228, 4, 5, 10.62
2, 0, 0.0094, 19.2373, 4, 5, 10.63
2, 0, 0.01, 19.2474, 4, 5, 10.64
2, 0, 0.0092, 19.2565, 4, 5, 10.65
2, 0, 0.0112, 19.2677, 4, 5, 10.66
2, 0, 0.0093, 19.2771, 4, 5, 10.67
2, 0, 0.0095, 19.2866, 4, 5, 10.68
2, 0, 0.0095, 19.2961, 4, 5, 10.69
2, 0, 0.0099, 19.306, 4, 5, 10.7
2, 0, 0.0101, 19.3161, 4, 5, 10.71
2, 0, 0.0111, 19.3272, 4, 5, 10.72
2, 0, 0.0099, 19.3372, 4, 5, 10.73
2, 0, 0.0092, 19.3464, 4, 5, 10.74
2, 0, 0.0089, 19.3553, 4, 5, 10.75
2, 0, 0.0093, 19.3646, 4, 5, 10.76
2, 0, 0.0093, 19.3739, 4, 5, 10.77
2, 0, 0.0099, 19.3837, 4, 5, 10.78
2, 0, 0.0135, 19.3972, 4, 5, 10.79
2, 0, 0.0121, 19.4093, 4, 5, 10.8
2, 0, 0.0106, 19.4199, 4, 5, 10.81
2, 0, 0.0097, 19.4296, 4, 5, 10.82
2, 0, 0.0096, 19.4392, 4, 5, 10.83
2, 0, 0.0098, 19.449, 4, 5, 10.84
2, 0, 0.0096, 19.4586, 4, 5, 10.85
2, 0, 0.0091, 19.4677, 4, 5, 10.86
2, 0, 0.0095, 19.4772, 4, 5, 10.87
2, 0, 0.0089, 19.4862, 4, 5, 10.88
2, 0, 0.0088, 19.495, 4, 5, 10.89
2, 0, 0.0122, 19.5072, 4, 5, 10.9
2, 0, 0.0102, 19.5174, 4, 5, 10.91
2, 0, 0.0121, 19.5295, 4, 5, 10.92
2, 0, 0.0119, 19.5413, 4, 5, 10.93
2, 0, 0.0099, 19.5512, 4, 5, 10.94
2, 0, 0.0119, 19.5632, 4, 5, 10.95
2, 0, 0.022, 19.5852, 4, 5, 10.96
2, 0, 0.0494, 19.6346, 4, 5, 10.97
2, 0, 0.0117, 19.6463, 4, 5, 10.98
2, 0, 0.0124, 19.6588, 4, 5, 10.99
2, 0, 0.0114, 19.6702, 4, 5, 11
2, 0, 0.0117, 19.6819, 4, 5, 11.01
2, 0, 0.014, 19.6959, 4, 5, 11.02
2, 0, 0.044, 19.7399, 4, 5, 11.03
2, 0, 0.0103, 19.7502, 4, 5, 11.04
2, 0, 0.0148, 19.765, 4, 5, 11.05
2, 0, 0.0106, 19.7757, 4, 5, 11.06
2, 0, 0.0112, 19.7869, 4, 5, 11.07
2, 0, 0.012, 19.7989, 4, 5, 11.08
2, 0, 0.0118, 19.8107, 4, 5, 11.09
2, 0, 0.0124, 19.8231, 4, 5, 11.1
2, 0, 0.0266, 19.8498, 4, 5, 11.11
2, 0, 0.0138, 19.8635, 4, 5, 11.12
2, 0, 0.0146, 19.8781, 4, 5, 11.13
2, 0, 0.0119, 19.8899, 4, 5, 11.14
2, 0, 0.014, 19.9039, 4, 5, 11.15
2, 0, 0.0134, 19.9174, 4, 5, 11.16
2, 0, 0.0112, 19.9285, 4, 5, 11.17
2, 0, 0.0108, 19.9393, 4, 5, 11.18
2, 0, 0.0127, 19.952, 4, 5, 11.19
2, 0, 0.0119, 19.9639, 4, 5, 11.2
2, 0, 0.0113, 19.9752, 4, 5, 11.21
2, 0, 0.0104, 19.9855, 4, 5, 11.22
2, 0, 0.0115, 19.997, 4, 5, 11.23
2, 0, 0.0129, 20.0099, 4, 5, 11.24
2, 0, 0.0114, 20.0213, 4, 5, 11.25
2, 0, 0.0115, 20.0328, 4, 5, 11.26
2, 0, 0.0132, 20.046, 4, 5, 11.27
2, 0, 0.015, 20.061, 4, 5, 11.28
2, 0, 0.0121, 20.0731, 4, 5, 11.29
2, 0, 0.0147, 20.0878, 4, 5, 11.3
2, 0, 0.0139, 20.1017, 4, 5, 11.31
2, 0, 0.0126, 20.1142, 4, 5, 11.32
2, 0, 0.0124, 20.1266, 4, 5, 11.33
2, 0, 0.0152, 20.1418, 4, 5, 11.34
2, 0, 0.0199, 20.1617, 4, 5, 11.35
2, 0, 0.0107, 20.1724, 4, 5, 11.36
2, 0, 0.0104, 20.1828, 4, 5, 11.37
2, 0, 0.0101, 20.1929, 4, 5, 11.38
2, 0, 0.0098, 20.2027, 4, 5, 11.39
2, 0, 0.01, 20.2127, 4, 5, 11.4
2, 0, 0.0096, 20.2224, 4, 5, 11.41
2, 0, 0.0109, 20.2332, 4, 5, 11.42
2, 0, 0.0125, 20.2457, 4, 5, 11.43
2, 0, 0.0115, 20.2572, 4, 5, 11.44
2, 0, 0.0102, 20.2675, 4, 5, 11.45
2, 0, 0.0099, 20.2774, 4, 5, 11.46
2, 0, 0.0104, 20.2878, 4, 5, 11.47
2, 0, 0.0111, 20.2989, 4, 5, 11.48
2, 0, 0.0116, 20.3105, 4, 5, 11.49
2, 0, 0.011, 20.3215, 4, 5, 11.5
2, 0, 0.0108, 20.3323, 4, 5, 11.51
2, 0, 0.0095, 20.3418, 4, 5, 11.52
2, 0, 0.0123, 20.3542, 4, 5, 11.53
2, 0, 0.0111, 20.3653, 4, 5, 11.54
2, 0, 0.0103, 20.3755, 4, 5, 11.55
2, 0, 0.0109, 20.3864, 4, 5, 11.56
2, 0, 0.0098, 20.3962, 4, 5, 11.57
2, 0, 0.0102, 20.4064, 4, 5, 11.58
2, 0, 0.0093, 20.4158, 4, 5, 11.59
2, 0, 0.0095, 20.4253, 4, 5, 11.6
2, 0, 0.0093, 20.4345, 4, 5, 11.61
2, 0, 0.0089, 20.4434, 4, 5, 11.62
2, 0, 0.0133, 20.4568, 4, 5, 11.63
2, 0, 0.0159, 20.4726, 4, 5, 11.64
2, 0, 0.0206, 20.4932, 4, 5, 11.65
2, 0, 0.01, 20.5032, 4, 5, 11.66
2, 0, 0.0118, 20.515, 4, 5, 11.67
2, 0, 0.0096, 20.5246, 4, 5, 11.68
2, 0, 0.0104, 20.535, 4, 5, 11.69
2, 0, 0.0143, 20.5493, 4, 5, 11.7
2, 0, 0.0139, 20.5632, 4, 5, 11.71
2, 0, 0.0117, 20.5749, 4, 5, 11.72
2, 0, 0.0112, 20.5861, 4, 5, 11.73
2, 0, 0.0106, 20.5967, 4, 5, 11.74
2, 0, 0.0107, 20.6074, 4, 5, 11.75
2, 0, 0.0101, 20.6176, 4, 5, 11.76
2, 0, 0.0095, 20.627, 4, 5, 11.77
2, 0, 0.0102, 20.6372, 4, 5, 11.78
2, 0, 0.0112, 20.6485, 4, 5, 11.79
2, 0, 0.0102, 20.6587, 4, 5, 11.8
2, 0, 0.0097, 20.6684, 4, 5, 11.81
2, 0, 0.0102, 20.6786, 4, 5, 11.82
2, 0, 0.0107, 20.6893, 4, 5, 11.83
2, 0, 0.0111, 20.7004, 4, 5, 11.84
2, 0, 0.0095, 20.7099, 4, 5, 11.85
2, 0, 0.0104, 20.7203, 4, 5, 11.86
2, 0, 0.0101, 20.7304, 4, 5, 11.87
2, 0, 0.0105, 20.7409, 4, 5, 11.88
2, 0, 0.0104, 20.7513, 4, 5, 11.89
2, 0, 0.0105, 20.7617, 4, 5, 11.9
2, 0, 0.0098, 20.7715, 4, 5, 11.91
2, 0, 0.0104, 20.7819, 4, 5, 11.92
2, 0, 0.01, 20.7919, 4, 5, 11.93
2, 0, 0.0098, 20.8017, 4, 5, 11.94
2, 0, 0.0101, 20.8118, 4, 5, 11.95
2, 0, 0.0106, 20.8224, 4, 5, 11.96
2, 0, 0.0113, 20.8337, 4, 5, 11.97
2, 0, 0.0115, 20.8452, 4, 5, 11.98
2, 0, 0.0098, 20.8551, 4, 5, 11.99
2, 0, 0.0099, 20.865, 4, 5, 12
2, 0, 0.0126, 20.8776, 4, 5, 12.01
2, 0, 0.0126, 20.8903, 4, 5, 12.02
2, 0, 0.0118, 20.902, 4, 5, 12.03
2, 0, 0.0119, 20.9139, 4, 5, 12.04
2, 0, 0.0121, 20.9261, 4, 5, 12.05
2, 0, 0.0112, 20.9372, 4, 5, 12.06
2, 0, 0.0103, 20.9476, 4, 5, 12.07
2, 0, 0.0107, 20.9583, 4, 5, 12.08
2, 0, 0.0106, 20.9689, 4, 5, 12.09
2, 0, 0.0123, 20.9811, 4, 5, 12.1
2, 0, 0.0116, 20.9928, 4, 5, 12.11
2, 0, 0.0101, 21.0028, 4, 5, 12.12
2, 0, 0.0103, 21.0131, 4, 5, 12.13
2, 0, 0.0123, 21.0254, 4, 5, 12.14
2, 0, 0.0107, 21.0361, 4, 5, 12.15
2, 0, 0.0192, 21.0553, 4, 5, 12.16
2, 0, 0.0124, 21.0677, 4, 5, 12.17
2, 0, 0.0114, 21.0791, 4, 5, 12.18
2, 0, 0.0107, 21.0899, 4, 5, 12.19
2, 0, 0.0113, 21.1011, 4, 5, 12.2
2, 0, 0.0104, 21.1115, 4, 5, 12.21
2, 0, 0.01, 21.1215, 4, 5, 12.22
2, 0, 0.0092, 21.1307, 4, 5, 12.23
2, 0, 0.0093, 21.14, 4, 5, 12.24
2, 0, 0.0094, 21.1494, 4, 5, 12.25
2, 0, 0.0092, 21.1586, 4, 5, 12.26
2, 0, 0.0092, 21.1678, 4, 5, 12.27
2, 0, 0.0095, 21.1773, 4, 5, 12.28
2, 0, 0.0093, 21.1866, 4, 5, 12.29
2, 0, 0.0094, 21.196, 4, 5, 12.3
2, 0, 0.0091, 21.2051, 4, 5, 12.31
2, 0, 0.01, 21.2151, 4, 5, 12.32
2, 0, 0.01, 21.225, 4, 5, 12.33
2, 0, 0.0096, 21.2347, 4, 5, 12.34
2, 0, 0.0094, 21.2441, 4, 5, 12.35
2, 0, 0.0097, 21.2538, 4, 5, 12.36
2, 0, 0.0102, 21.2639, 4, 5, 12.37
2, 0, 0.0102, 21.2742, 4, 5, 12.38
2, 0, 0.011, 21.2852, 4, 5, 12.39
2, 0, 0.0109, 21.2961, 4, 5, 12.4
2, 0, 0.0101, 21.3061, 4, 5, 12.41
2, 0, 0.0118, 21.3179, 4, 5, 12.42
2, 0, 0.0104, 21.3282, 4, 5, 12.43
2, 0, 0.0116, 21.3399, 4, 5, 12.44
2, 0, 0.0117, 21.3516, 4, 5, 12.45
2, 0, 0.0118, 21.3634, 4, 5, 12.46
2, 0, 0.0114, 21.3748, 4, 5, 12.47
2, 0, 0.0097, 21.3844, 4, 5, 12.48
2, 0, 0.0091, 21.3936, 4, 5, 12.49
2, 0, 0.0089, 21.4025, 4, 5, 12.5
2, 0, 0.0121, 21.4146, 4, 5, 12.51
2, 0, 0.0099, 21.4245, 4, 5, 12.52
2, 0, 0.0096, 21.4341, 4, 5, 12.53
2, 0, 0.0101, 21.4442, 4, 5, 12.54
2, 0, 0.0102, 21.4544, 4, 5, 12.55
2, 0, 0.0112, 21.4656, 4, 5, 12.56
2, 0, 0.011, 21.4766, 4, 5, 12.57
2, 0, 0.009, 21.4856, 4, 5, 12.58
2, 0, 0.0087, 21.4943, 4, 5, 12.59
2, 0, 0.0094, 21.5038, 4, 5, 12.6
2, 0, 0.0135, 21.5172, 4, 5, 12.61
2, 0, 0.0094, 21.5267, 4, 5, 12.62
2, 0, 0.0097, 21.5363, 4, 5, 12.63
2, 0, 0.0099, 21.5462, 4, 5, 12.64
2, 0, 0.0104, 21.5567, 4, 5, 12.65
2, 0, 0.0103, 21.567, 4, 5, 12.66
2, 0, 0.0092, 21.5762, 4, 5, 12.67
2, 0, 0.0087, 21.5849, 4, 5, 12.68
2, 0, 0.0088, 21.5937, 4, 5, 12.69
2, 0, 0.0103, 21.6039, 4, 5, 12.7
2, 0, 0.0106, 21.6146, 4, 5, 12.71
2, 0, 0.009, 21.6236, 4, 5, 12.72
2, 0, 0.009, 21.6326, 4, 5, 12.73
2, 0, 0.0091, 21.6416, 4, 5, 12.74
2, 0, 0.0093, 21.6509, 4, 5, 12.75
2, 0, 0.0092, 21.6601, 4, 5, 12.76
2, 0, 0.0091, 21.6692, 4, 5, 12.77
2, 0, 0.0088, 21.678, 4, 5, 12.78
2, 0, 0.0089, 21.6868, 4, 5, 12.79
2, 0, 0.009, 21.6958, 4, 5, 12.8
2, 0, 0.0097, 21.7055, 4, 5, 12.81
2, 0, 0.0097, 21.7152, 4, 5, 12.82
2, 0, 0.0091, 21.7243, 4, 5, 12.83
2, 0, 0.0093, 21.7337, 4, 5, 12.84
2, 0, 0.0093, 21.7429, 4, 5, 12.85
2, 0, 0.0097, 21.7526, 4, 5, 12.86
2, 0, 0.009, 21.7615, 4, 5, 12.87
2, 0, 0.0092, 21.7708, 4, 5, 12.88
2, 0, 0.0102, 21.7809, 4, 5, 12.89
2, 0, 0.0094, 21.7903, 4, 5, 12.9
2, 0, 0.0092, 21.7996, 4, 5, 12.91
2, 0, 0.0088, 21.8083, 4, 5, 12.92
2, 0, 0.0106, 21.8189, 4, 5, 12.93
2, 0, 0.0093, 21.8282, 4, 5, 12.94
2, 0, 0.0089, 21.8371, 4, 5, 12.95
2, 0, 0.0097, 21.8468, 4, 5, 12.96
2, 0, 0.0106, 21.8574, 4, 5, 12.97
2, 0, 0.0095, 21.867, 4, 5, 12.98
2, 0, 0.0108, 21.8777, 4, 5, 12.99
2, 0, 0.011, 21.8887, 4, 5, 13
2, 0, 0.0102, 21.8989, 4, 5, 13.01
2, 0, 0.0104, 21.9093, 4, 5, 13.02
2, 0, 0.0101, 21.9194, 4, 5, 13.03
2, 0, 0.0101, 21.9295, 4, 5, 13.04
2, 0, 0.0099, 21.9394, 4, 5, 13.05
2, 0, 0.0099, 21.9494, 4, 5, 13.06
2, 0, 0.0103, 21.9596, 4, 5, 13.07
2, 0, 0.0108, 21.9704, 4, 5, 13.08
2, 0, 0.0102, 21.9806, 4, 5, 13.09
2, 0, 0.0103, 21.991, 4, 5, 13.1
2, 0, 0.01, 22.001, 4, 5, 13.11
2, 0, 0.0099, 22.0108, 4, 5, 13.12
2, 0, 0.0119, 22.0228, 4, 5, 13.13
2, 0, 0.0114, 22.0341, 4, 5, 13.14
2, 0, 0.0119, 22.046, 4, 5, 13.15
2, 0, 0.0104, 22.0565, 4, 5, 13.16
2, 0, 0.0091, 22.0655, 4, 5, 13.17
2, 0, 0.0088, 22.0743, 4, 5, 13.18
2, 0, 0.0086, 22.083, 4, 5, 13.19
2, 0, 0.0093, 22.0923, 4, 5, 13.2
2, 0, 0.0096, 22.1019, 4, 5, 13.21
2, 0, 0.009, 22.1108, 4, 5, 13.22
2, 0, 0.0093, 22.1202, 4, 5, 13.23
2, 0, 0.0097, 22.1299, 4, 5, 13.24
2, 0, 0.01, 22.1399, 4, 5, 13.25
2, 0, 0.009, 22.1489, 4, 5, 13.26
2, 0, 0.0095, 22.1584, 4, 5, 13.27
2, 0, 0.0096, 22.168, 4, 5, 13.28
2, 0, 0.0095, 22.1775, 4, 5, 13.29
2, 0, 0.0097, 22.1872, 4, 5, 13.3
2, 0, 0.0092, 22.1964, 4, 5, 13.31
2, 0, 0.009, 22.2054, 4, 5, 13.32
2, 0, 0.0092, 22.2146, 4, 5, 13.33
2, 0, 0.0097, 22.2243, 4, 5, 13.34
2, 0, 0.0089, 22.2332, 4, 5, 13.35
2, 0, 0.0099, 22.243, 4, 5, 13.36
2, 0, 0.0099, 22.2529, 4, 5, 13.37
2, 0, 0.0097, 22.2626, 4, 5, 13.38
2, 0, 0.0112, 22.2737, 4, 5, 13.39
2, 0, 0.0094, 22.2832, 4, 5, 13.4
2, 0, 0.0103, 22.2935, 4, 5, 13.41
2, 0, 0.0109, 22.3044, 4, 5, 13.42
2, 0, 0.0106, 22.315, 4, 5, 13.43
2, 0, 0.0107, 22.3257, 4, 5, 13.44
2, 0, 0.0117, 22.3374, 4, 5, 13.45
2, 0, 0.0108, 22.3481, 4, 5, 13.46
2, 0, 0.0099, 22.358, 4, 5, 13.47
2, 0, 0.0119, 22.3699, 4, 5, 13.48
2, 0, 0.0112, 22.3811, 4, 5, 13.49
2, 0, 0.011, 22.3921, 4, 5, 13.5
2, 0, 0.0097, 22.4018, 4, 5, 13.51
2, 0, 0.0117, 22.4135, 4, 5, 13.52
2, 0, 0.0113, 22.4248, 4, 5, 13.53
2, 0, 0.0105, 22.4353, 4, 5, 13.54
2, 0, 0.0106, 22.4459, 4, 5, 13.55
2, 0, 0.0101, 22.4559, 4, 5, 13.56
2, 0, 0.0105, 22.4664, 4, 5, 13.57
2, 0, 0.0106, 22.477, 4, 5, 13.58
2, 0, 0.0099, 22.4869, 4, 5, 13.59
2, 0, 0.0104, 22.4974, 4, 5, 13.6
2, 0, 0.0098, 22.5072, 4, 5, 13.61
2, 0, 0.0091, 22.5163, 4, 5, 13.62
2, 0, 0.0087, 22.525, 4, 5, 13.63
2, 0, 0.0091, 22.5341, 4, 5, 13.64
2, 0, 0.0087, 22.5428, 4, 5, 13.65
2, 0, 0.0089, 22.5517, 4, 5, 13.66
2, 0, 0.0093, 22.561, 4, 5, 13.67
2, 0, 0.009, 22.57, 4, 5, 13.68
2, 0, 0.0097, 22.5796, 4, 5, 13.69
2, 0, 0.0092, 22.5888, 4, 5, 13.7
2, 0, 0.0091, 22.5979, 4, 5, 13.71
2, 0, 0.009, 22.6069, 4, 5, 13.72
2, 0, 0.0097, 22.6166, 4, 5, 13.73
2, 0, 0.009, 22.6257, 4, 5, 13.74
2, 0, 0.0092, 22.6348, 4, 5, 13.75
2, 0, 0.0089, 22.6437, 4, 5, 13.76
2, 0, 0.009, 22.6527, 4, 5, 13.77
2, 0, 0.0089, 22.6617, 4, 5, 13.78
2, 0, 0.0091, 22.6708, 4, 5, 13.79
2, 0, 0.0089, 22.6797, 4, 5, 13.8
2, 0, 0.0087, 22.6884, 4, 5, 13.81
2, 0, 0.0096, 22.6981, 4, 5, 13.82
2, 0, 0.0089, 22.707, 4, 5, 13.83
2, 0, 0.0096, 22.7165, 4, 5, 13.84
2, 0, 0.0097, 22.7262, 4, 5, 13.85
2, 0, 0.0109, 22.7371, 4, 5, 13.86
2, 0, 0.0111, 22.7483, 4, 5, 13.87
2, 0, 0.0099, 22.7582, 4, 5, 13.88
2, 0, 0.0096, 22.7678, 4, 5, 13.89
2, 0, 0.01, 22.7777, 4, 5, 13.9
2, 0, 0.0103, 22.7881, 4, 5, 13.91
2, 0, 0.0114, 22.7995, 4, 5, 13.92
2, 0, 0.0097, 22.8092, 4, 5, 13.93
2, 0, 0.0093, 22.8185, 4, 5, 13.94
2, 0, 0.0089, 22.8274, 4, 5, 13.95
2, 0, 0.0115, 22.8389, 4, 5, 13.96
2, 0, 0.0124, 22.8513, 4, 5, 13.97
2, 0, 0.0116, 22.863, 4, 5, 13.98
2, 0, 0.0146, 22.8775, 4, 5, 13.99
2, 0, 0.0115, 22.889, 4, 5, 14
2, 0, 0.0115, 22.9005, 4, 5, 14.01
2, 0, 0.01, 22.9106, 4, 5, 14.02
2, 0, 0.0106, 22.9212, 4, 5, 14.03
2, 0, 0.0094, 22.9306, 4, 5, 14.04
2, 0, 0.0104, 22.9409, 4, 5, 14.05
2, 0, 0.0125, 22.9534, 4, 5, 14.06
2, 0, 0.0115, 22.9649, 4, 5, 14.07
2, 0, 0.0114, 22.9763, 4, 5, 14.08
2, 0, 0.0119, 22.9882, 4, 5, 14.09
2, 0, 0.0121, 23.0003, 4, 5, 14.1
2, 0, 0.0102, 23.0105, 4, 5, 14.11
2, 0, 0.0179, 23.0284, 4, 5, 14.12
2, 0, 0.0169, 23.0454, 4, 5, 14.13
2, 0, 0.0313, 23.0766, 4, 5, 14.14
2, 0, 0.0124, 23.0891, 4, 5, 14.15
2, 0, 0.0124, 23.1014, 4, 5, 14.16
2, 0, 0.01, 23.1115, 4, 5, 14.17
2, 0, 0.0104, 23.1219, 4, 5, 14.18
2, 0, 0.0099, 23.1317, 4, 5, 14.19
2, 0, 0.0104, 23.1421, 4, 5, 14.2
2, 0, 0.0145, 23.1567, 4, 5, 14.21
2, 0, 0.0118, 23.1685, 4, 5, 14.22
2, 0, 0.0111, 23.1795, 4, 5, 14.23
2, 0, 0.0137, 23.1933, 4, 5, 14.24
2, 0, 0.024, 23.2173, 4, 5, 14.25
2, 0, 0.0257, 23.243, 4, 5, 14.26
2, 0, 0.0248, 23.2679, 4, 5, 14.27
2, 0, 0.0126, 23.2805, 4, 5, 14.28
2, 0, 0.016, 23.2965, 4, 5, 14.29
2, 0, 0.0114, 23.3079, 4, 5, 14.3
2, 0, 0.0121, 23.3199, 4, 5, 14.31
2, 0, 0.0112, 23.3311, 4, 5, 14.32
2, 0, 0.0105, 23.3416, 4, 5, 14.33
2, 0, 0.0135, 23.3551, 4, 5, 14.34
2, 0, 0.0102, 23.3653, 4, 5, 14.35
2, 0, 0.0102, 23.3755, 4, 5, 14.36
2, 0, 0.0102, 23.3856, 4, 5, 14.37
2, 0, 0.0103, 23.3959, 4, 5, 14.38
2, 0, 0.0099, 23.4058, 4, 5, 14.39
2, 0, 0.0099, 23.4157, 4, 5, 14.4
2, 0, 0.011, 23.4267, 4, 5, 14.41
2, 0, 0.011, 23.4377, 4, 5, 14.42
2, 0, 0.0105, 23.4481, 4, 5, 14.43
2, 0, 0.01, 23.4581, 4, 5, 14.44
2, 0, 0.0099, 23.468, 4, 5, 14.45
2, 0, 0.011, 23.4789, 4, 5, 14.46
2, 0, 0.0096, 23.4885, 4, 5, 14.47
2, 0, 0.011, 23.4996, 4, 5, 14.48
2, 0, 0.0088, 23.5083, 4, 5, 14.49
2, 0, 0.0094, 23.5177, 4, 5, 14.5
2, 0, 0.0108, 23.5285, 4, 5, 14.51
2, 0, 0.0118, 23.5403, 4, 5, 14.52
2, 0, 0.0097, 23.55, 4, 5, 14.53
2, 0, 0.0097, 23.5597, 4, 5, 14.54
2, 0, 0.0095, 23.5692, 4, 5, 14.55
2, 0, 0.0093, 23.5785, 4, 5, 14.56
2, 0, 0.0099, 23.5884, 4, 5, 14.57
2, 0, 0.0098, 23.5981, 4, 5, 14.58
2, 0, 0.0094, 23.6075, 4, 5, 14.59
2, 0, 0.0096, 23.6171, 4, 5, 14.6
2, 0, 0.0095, 23.6266, 4, 5, 14.61
2, 0, 0.0098, 23.6364, 4, 5, 14.62
2, 0, 0.0092, 23.6457, 4, 5, 14.63
2, 0, 0.0095, 23.6552, 4, 5, 14.64
2, 0, 0.0094, 23.6646, 4, 5, 14.65
2, 0, 0.0091, 23.6737, 4, 5, 14.66
2, 0, 0.0095, 23.6832, 4, 5, 14.67
2, 0, 0.009, 23.6922, 4, 5, 14.68
2, 0, 0.0095, 23.7016, 4, 5, 14.69
2, 0, 0.0093, 23.7109, 4, 5, 14.7
2, 0, 0.0093, 23.7202, 4, 5, 14.71
2, 0, 0.0099, 23.7301, 4, 5, 14.72
2, 0, 0.0102, 23.7403, 4, 5, 14.73
2, 0, 0.0097, 23.75, 4, 5, 14.74
2, 0, 0.0093, 23.7593, 4, 5, 14.75
2, 0, 0.0094, 23.7687, 4, 5, 14.76
2, 0, 0.0106, 23.7793, 4, 5, 14.77
2, 0, 0.0099, 23.7892, 4, 5, 14.78
2, 0, 0.0095, 23.7987, 4, 5, 14.79
2, 0, 0.0097, 23.8084, 4, 5, 14.8
2, 0, 0.0095, 23.8179, 4, 5, 14.81
2, 0, 0.0098, 23.8277, 4, 5, 14.82
2, 0, 0.0095, 23.8373, 4, 5, 14.83
2, 0, 0.0095, 23.8468, 4, 5, 14.84
2, 0, 0.009, 23.8558, 4, 5, 14.85
2, 0, 0.0096, 23.8653, 4, 5, 14.86
2, 0, 0.0103, 23.8756, 4, 5, 14.87
2, 0, 0.0095, 23.8851, 4, 5, 14.88
2, 0, 0.009, 23.8941, 4, 5, 14.89
2, 0, 0.0089, 23.9029, 4, 5, 14.9
2, 0, 0.0095, 23.9124, 4, 5, 14.91
2, 0, 0.0097, 23.9221, 4, 5, 14.92
2, 0, 0.0097, 23.9318, 4, 5, 14.93
2, 0, 0.0097, 23.9415, 4, 5, 14.94
2, 0, 0.0094, 23.9509, 4, 5, 14.95
2, 0, 0.0093, 23.9602, 4, 5, 14.96
2, 0, 0.0092, 23.9694, 4, 5, 14.97
2, 0, 0.0088, 23.9782, 4, 5, 14.98
2, 0, 0.0088, 23.9869, 4, 5, 14.99
2, 0, 0.0089, 23.9958, 4, 5, 15
2, 0, 0.0091, 24.0049, 4, 5, 15.01
2, 0, 0.01, 24.0148, 4, 5, 15.02
2, 0, 0.0094, 24.0243, 4, 5, 15.03
2, 0, 0.0095, 24.0338, 4, 5, 15.04
2, 0, 0.01, 24.0438, 4, 5, 15.05
2, 0, 0.0099, 24.0537, 4, 5, 15.06
2, 0, 0.0102, 24.064, 4, 5, 15.07
2, 0, 0.0106, 24.0745, 4, 5, 15.08
2, 0, 0.0108, 24.0853, 4, 5, 15.09
2, 0, 0.0139, 24.0992, 4, 5, 15.1
2, 0, 0.0266, 24.1258, 4, 5, 15.11
2, 0, 0.0103, 24.1362, 4, 5, 15.12
2, 0, 0.0103, 24.1465, 4, 5, 15.13
2, 0, 0.0098, 24.1563, 4, 5, 15.14
2, 0, 0.0092, 24.1655, 4, 5, 15.15
2, 0, 0.0093, 24.1748, 4, 5, 15.16
2, 0, 0.0104, 24.1852, 4, 5, 15.17
2, 0, 0.0113, 24.1966, 4, 5, 15.18
2, 0, 0.01, 24.2066, 4, 5, 15.19
2, 0, 0.0108, 24.2174, 4, 5, 15.2
2, 0, 0.0102, 24.2276, 4, 5, 15.21
2, 0, 0.0102, 24.2378, 4, 5, 15.22
2, 0, 0.0105, 24.2483, 4, 5, 15.23
2, 0, 0.0102, 24.2585, 4, 5, 15.24
2, 0, 0.0107, 24.2692, 4, 5, 15.25
2, 0, 0.0116, 24.2808, 4, 5, 15.26
2, 0, 0.0148, 24.2956, 4, 5, 15.27
2, 0, 0.0131, 24.3087, 4, 5, 15.28
2, 0, 0.0146, 24.3233, 4, 5, 15.29
2, 0, 0.0121, 24.3354, 4, 5, 15.3
2, 0, 0.0097, 24.3451, 4, 5, 15.31
2, 0, 0.009, 24.3541, 4, 5, 15.32
2, 0, 0.009, 24.363, 4, 5, 15.33
2, 0, 0.011, 24.374, 4, 5, 15.34
2, 0, 0.0129, 24.3869, 4, 5, 15.35
2, 0, 0.0132, 24.4001, 4, 5, 15.36
2, 0, 0.0133, 24.4134, 4, 5, 15.37
2, 0, 0.0129, 24.4263, 4, 5, 15.38
2, 0, 0.0103, 24.4366, 4, 5, 15.39
2, 0, 0.0098, 24.4464, 4, 5, 15.4
2, 0, 0.0097, 24.456, 4, 5, 15.41
2, 0, 0.0097, 24.4657, 4, 5, 15.42
2, 0, 0.0094, 24.4751, 4, 5, 15.43
2, 0, 0.0103, 24.4854, 4, 5, 15.44
2, 0, 0.0093, 24.4946, 4, 5, 15.45
2, 0, 0.0091, 24.5037, 4, 5, 15.46
2, 0, 0.0091, 24.5128, 4, 5, 15.47
2, 0, 0.0088, 24.5216, 4, 5, 15.48
2, 0, 0.0092, 24.5308, 4, 5, 15.49
2, 0, 0.0089, 24.5397, 4, 5, 15.5
2, 0, 0.0091, 24.5488, 4, 5, 15.51
2, 0, 0.0094, 24.5582, 4, 5, 15.52
2, 0, 0.009, 24.5672, 4, 5, 15.53
2, 0, 0.0092, 24.5764, 4, 5, 15.54
2, 0, 0.0096, 24.5859, 4, 5, 15.55
2, 0, 0.0102, 24.5962, 4, 5, 15.56
2, 0, 0.0104, 24.6066, 4, 5, 15.57
2, 0, 0.0101, 24.6167, 4, 5, 15.58
2, 0, 0.0106, 24.6273, 4, 5, 15.59
2, 0, 0.0121, 24.6394, 4, 5, 15.6
2, 0, 0.0106, 24.6499, 4, 5, 15.61
2, 0, 0.0107, 24.6606, 4, 5, 15.62
2, 0, 0.0113, 24.672, 4, 5, 15.63
2, 0, 0.0105, 24.6825, 4, 5, 15.64
2, 0, 0.0103, 24.6928, 4, 5, 15.65
2, 0, 0.0109, 24.7037, 4, 5, 15.66
2, 0, 0.0121, 24.7158, 4, 5, 15.67
2, 0, 0.011, 24.7268, 4, 5, 15.68
2, 0, 0.0104, 24.7372, 4, 5, 15.69
2, 0, 0.0107, 24.7479, 4, 5, 15.7
2, 0, 0.011, 24.7589, 4, 5, 15.71
2, 0, 0.0099, 24.7688, 4, 5, 15.72
2, 0, 0.0108, 24.7796, 4, 5, 15.73
2, 0, 0.0101, 24.7897, 4, 5, 15.74
2, 0, 0.0098, 24.7994, 4, 5, 15.75
2, 0, 0.0101, 24.8096, 4, 5, 15.76
2, 0, 0.01, 24.8195, 4, 5, 15.77
2, 0, 0.0097, 24.8293, 4, 5, 15.78
2, 0, 0.0107, 24.8399, 4, 5, 15.79
2, 0, 0.0116, 24.8515, 4, 5, 15.8
2, 0, 0.0121, 24.8636, 4, 5, 15.81
2, 0, 0.0124, 24.876, 4, 5, 15.82
2, 0, 0.0111, 24.8871, 4, 5, 15.83
2, 0, 0.0114, 24.8985, 4, 5, 15.84
2, 0, 0.0109, 24.9094, 4, 5, 15.85
2, 0, 0.01, 24.9193, 4, 5, 15.86
2, 0, 0.0109, 24.9302, 4, 5, 15.87
2, 0, 0.0106, 24.9408, 4, 5, 15.88
2, 0, 0.0103, 24.9512, 4, 5, 15.89
2, 0, 0.0104, 24.9616, 4, 5, 15.9
2, 0, 0.0097, 24.9713, 4, 5, 15.91
2, 0, 0.0095, 24.9808, 4, 5, 15.92
2, 0, 0.0096, 24.9903, 4, 5, 15.93
2, 0, 0.0131, 25.0034, 4, 5, 15.94
2, 0, 0.0098, 25.0132, 4, 5, 15.95
2, 0, 0.0096, 25.0228, 4, 5, 15.96
2, 0, 0.0101, 25.0329, 4, 5, 15.97
2, 0, 0.0106, 25.0434, 4, 5, 15.98
2, 0, 0.0097, 25.0531, 4, 5, 15.99
2, 0, 0.0097, 25.0628, 4, 5, 16
2, 0, 0.0088, 25.0716, 4, 5, 16.01
2, 0, 0.0091, 25.0807, 4, 5, 16.02
2, 0, 0.0122, 25.0929, 4, 5, 16.03
2, 0, 0.0102, 25.1031, 4, 5, 16.04
2, 0, 0.0108, 25.1139, 4, 5, 16.05
2, 0, 0.0111, 25.1251, 4, 5, 16.06
2, 0, 0.0105, 25.1355, 4, 5, 16.07
2, 0, 0.0112, 25.1467, 4, 5, 16.08
2, 0, 0.0098, 25.1565, 4, 5, 16.09
2, 0, 0.0106, 25.1671, 4, 5, 16.1
2, 0, 0.0097, 25.1769, 4, 5, 16.11
2, 0, 0.0123, 25.1892, 4, 5, 16.12
2, 0, 0.011, 25.2001, 4, 5, 16.13
2, 0, 0.0111, 25.2112, 4, 5, 16.14
2, 0, 0.0101, 25.2213, 4, 5, 16.15
2, 0, 0.0104, 25.2317, 4, 5, 16.16
2, 0, 0.0125, 25.2442, 4, 5, 16.17
2, 0, 0.0099, 25.2541, 4, 5, 16.18
2, 0, 0.0104, 25.2645, 4, 5, 16.19
2, 0, 0.0104, 25.2749, 4, 5, 16.2
2, 0, 0.0106, 25.2855, 4, 5, 16.21
2, 0, 0.0108, 25.2963, 4, 5, 16.22
2, 0, 0.01, 25.3063, 4, 5, 16.23
2, 0, 0.0102, 25.3165, 4, 5, 16.24
2, 0, 0.011, 25.3275, 4, 5, 16.25
2, 0, 0.01, 25.3375, 4, 5, 16.26
2, 0, 0.0093, 25.3468, 4, 5, 16.27
2, 0, 0.0103, 25.3571, 4, 5, 16.28
2, 0, 0.0094, 25.3666, 4, 5, 16.29
2, 0, 0.0094, 25.3759, 4, 5, 16.3
2, 0, 0.0118, 25.3878, 4, 5, 16.31
2, 0, 0.0094, 25.3972, 4, 5, 16.32
2, 0, 0.0089, 25.4061, 4, 5, 16.33
2, 0, 0.0093, 25.4154, 4, 5, 16.34
2, 0, 0.0095, 25.4249, 4, 5, 16.35
2, 0, 0.0095, 25.4344, 4, 5, 16.36
2, 0, 0.0093, 25.4437, 4, 5, 16.37
2, 0, 0.0094, 25.4531, 4, 5, 16.38
2, 0, 0.0091, 25.4622, 4, 5, 16.39
2, 0, 0.0093, 25.4716, 4, 5, 16.4
2, 0, 0.0094, 25.481, 4, 5, 16.41
2, 0, 0.0105, 25.4915, 4, 5, 16.42
2, 0, 0.0098, 25.5012, 4, 5, 16.43
2, 0, 0.0096, 25.5108, 4, 5, 16.44
2, 0, 0.0095, 25.5203, 4, 5, 16.45
2, 0, 0.0093, 25.5295, 4, 5, 16.46
2, 0, 0.0097, 25.5392, 4, 5, 16.47
2, 0, 0.0093, 25.5485, 4, 5, 16.48
2, 0, 0.0093, 25.5578, 4, 5, 16.49
2, 0, 0.0093, 25.5671, 4, 5, 16.5
2, 0, 0.0094, 25.5765, 4, 5, 16.51
2, 0, 0.0095, 25.5861, 4, 5, 16.52
2, 0, 0.0105, 25.5966, 4, 5, 16.53
2, 0, 0.0099, 25.6065, 4, 5, 16.54
2, 0, 0.0097, 25.6162, 4, 5, 16.55
2, 0, 0.0109, 25.6271, 4, 5, 16.56
2, 0, 0.0096, 25.6367, 4, 5, 16.57
2, 0, 0.0097, 25.6464, 4, 5, 16.58
2, 0, 0.0099, 25.6563, 4, 5, 16.59
2, 0, 0.0107, 25.667, 4, 5, 16.6
2, 0, 0.0126, 25.6796, 4, 5, 16.61
2, 0, 0.0108, 25.6904, 4, 5, 16.62
2, 0, 0.0105, 25.7009, 4, 5, 16.63
2, 0, 0.0096, 25.7105, 4, 5, 16.64
2, 0, 0.0096, 25.72, 4, 5, 16.65
2, 0, 0.0097, 25.7298, 4, 5, 16.66
2, 0, 0.0101, 25.7398, 4, 5, 16.67
2, 0, 0.0101, 25.7499, 4, 5, 16.68
2, 0, 0.0097, 25.7596, 4, 5, 16.69
2, 0, 0.0104, 25.7699, 4, 5, 16.7
2, 0, 0.0093, 25.7793, 4, 5, 16.71
2, 0, 0.0095, 25.7888, 4, 5, 16.72
2, 0, 0.0084, 25.7972, 4, 5, 16.73
2, 0, 0.01, 25.8072, 4, 5, 16.74
2, 0, 0.0107, 25.8179, 4, 5, 16.75
2, 0, 0.0098, 25.8277, 4, 5, 16.76
2, 0, 0.0097, 25.8373, 4, 5, 16.77
2, 0, 0.0099, 25.8472, 4, 5, 16.78
2, 0, 0.0102, 25.8575, 4, 5, 16.79
2, 0, 0.0109, 25.8684, 4, 5, 16.8
2, 0, 0.0103, 25.8786, 4, 5, 16.81
2, 0, 0.0097, 25.8883, 4, 5, 16.82
2, 0, 0.0093, 25.8976, 4, 5, 16.83
2, 0, 0.0096, 25.9073, 4, 5, 16.84
2, 0, 0.0099, 25.9172, 4, 5, 16.85
2, 0, 0.0109, 25.928, 4, 5, 16.86
2, 0, 0.0099, 25.9379, 4, 5, 16.87
2, 0, 0.0108, 25.9488, 4, 5, 16.88
2, 0, 0.0095, 25.9582, 4, 5, 16.89
2, 0, 0.0104, 25.9686, 4, 5, 16.9
2, 0, 0.0098, 25.9784, 4, 5, 16.91
2, 0, 0.0101, 25.9885, 4, 5, 16.92
2, 0, 0.0105, 25.999, 4, 5, 16.93
2, 0, 0.0126, 26.0116, 4, 5, 16.94
2, 0, 0.0118, 26.0234, 4, 5, 16.95
2, 0, 0.0107, 26.0341, 4, 5, 16.96
2, 0, 0.0106, 26.0447, 4, 5, 16.97
2, 0, 0.0103, 26.055, 4, 5, 16.98
2, 0, 0.0103, 26.0652, 4, 5, 16.99
2, 0, 0.0107, 26.0759, 4, 5, 17
2, 0, 0.0099, 26.0858, 4, 5, 17.01
2, 0, 0.0091, 26.0949, 4, 5, 17.02
2, 0, 0.01, 26.1049, 4, 5, 17.03
2, 0, 0.0105, 26.1154, 4, 5, 17.04
2, 0, 0.0097, 26.1251, 4, 5, 17.05
2, 0, 0.01, 26.1351, 4, 5, 17.06
2, 0, 0.0103, 26.1453, 4, 5, 17.07
2, 0, 0.0099, 26.1553, 4, 5, 17.08
2, 0, 0.0115, 26.1668, 4, 5, 17.09
2, 0, 0.0104, 26.1771, 4, 5, 17.1
2, 0, 0.0094, 26.1865, 4, 5, 17.11
2, 0, 0.0091, 26.1956, 4, 5, 17.12
2, 0, 0.0089, 26.2046, 4, 5, 17.13
2, 0, 0.0102, 26.2148, 4, 5, 17.14
2, 0, 0.0122, 26.227, 4, 5, 17.15
2, 0, 0.0106, 26.2376, 4, 5, 17.16
2, 0, 0.0095, 26.2471, 4, 5, 17.17
2, 0, 0.0098, 26.2569, 4, 5, 17.18
2, 0, 0.0106, 26.2675, 4, 5, 17.19
2, 0, 0.0101, 26.2776, 4, 5, 17.2
2, 0, 0.0097, 26.2873, 4, 5, 17.21
2, 0, 0.0098, 26.2971, 4, 5, 17.22
2, 0, 0.01, 26.3071, 4, 5, 17.23
2, 0, 0.0099, 26.317, 4, 5, 17.24
2, 0, 0.0102, 26.3272, 4, 5, 17.25
2, 0, 0.0098, 26.337, 4, 5, 17.26
2, 0, 0.0098, 26.3468, 4, 5, 17.27
2, 0, 0.0093, 26.3561, 4, 5, 17.28
2, 0, 0.0108, 26.3669, 4, 5, 17.29
2, 0, 0.0105, 26.3775, 4, 5, 17.3
2, 0, 0.0095, 26.3869, 4, 5, 17.31
2, 0, 0.0095, 26.3964, 4, 5, 17.32
2, 0, 0.0095, 26.406, 4, 5, 17.33
2, 0, 0.01, 26.416, 4, 5, 17.34
2, 0, 0.0092, 26.4252, 4, 5, 17.35
2, 0, 0.009, 26.4342, 4, 5, 17.36
2, 0, 0.0097, 26.4439, 4, 5, 17.37
2, 0, 0.0093, 26.4532, 4, 5, 17.38
2, 0, 0.0089, 26.4621, 4, 5, 17.39
2, 0, 0.009, 26.4711, 4, 5, 17.4
2, 0, 0.0098, 26.4808, 4, 5, 17.41
2, 0, 0.0088, 26.4896, 4, 5, 17.42
2, 0, 0.0099, 26.4995, 4, 5, 17.43
2, 0, 0.0099, 26.5094, 4, 5, 17.44
2, 0, 0.0088, 26.5182, 4, 5, 17.45
2, 0, 0.0097, 26.5279, 4, 5, 17.46
2, 0, 0.0093, 26.5373, 4, 5, 17.47
2, 0, 0.0103, 26.5475, 4, 5, 17.48
2, 0, 0.009, 26.5566, 4, 5, 17.49
2, 0, 0.009, 26.5656, 4, 5, 17.5
2, 0, 0.01, 26.5756, 4, 5, 17.51
2, 0, 0.0096, 26.5852, 4, 5, 17.52
2, 0, 0.0102, 26.5954, 4, 5, 17.53
2, 0, 0.0106, 26.6061, 4, 5, 17.54
2, 0, 0.0097, 26.6157, 4, 5, 17.55
2, 0, 0.0095, 26.6252, 4, 5, 17.56
2, 0, 0.0097, 26.6349, 4, 5, 17.57
2, 0, 0.0095, 26.6444, 4, 5, 17.58
2, 0, 0.0095, 26.6539, 4, 5, 17.59
2, 0, 0.0095, 26.6634, 4, 5, 17.6
2, 0, 0.0094, 26.6728, 4, 5, 17.61
2, 0, 0.0105, 26.6833, 4, 5, 17.62
2, 0, 0.0108, 26.6941, 4, 5, 17.63
2, 0, 0.0097, 26.7039, 4, 5, 17.64
2, 0, 0.0095, 26.7134, 4, 5, 17.65
2, 0, 0.0101, 26.7234, 4, 5, 17.66
2, 0, 0.0095, 26.7329, 4, 5, 17.67
2, 0, 0.0094, 26.7423, 4, 5, 17.68
2, 0, 0.0103, 26.7526, 4, 5, 17.69
2, 0, 0.0099, 26.7625, 4, 5, 17.7
2, 0, 0.0095, 26.772, 4, 5, 17.71
2, 0, 0.01, 26.7819, 4, 5, 17.72
2, 0, 0.0098, 26.7917, 4, 5, 17.73
2, 0, 0.0097, 26.8014, 4, 5, 17.74
2, 0, 0.0087, 26.8101, 4, 5, 17.75
2, 0, 0.0103, 26.8205, 4, 5, 17.76
2, 0, 0.0088, 26.8292, 4, 5, 17.77
2, 0, 0.0085, 26.8377, 4, 5, 17.78
2, 0, 0.0091, 26.8469, 4, 5, 17.79
2, 0, 0.0088, 26.8557, 4, 5, 17.8
2, 0, 0.0091, 26.8647, 4, 5, 17.81
2, 0, 0.0096, 26.8743, 4, 5, 17.82
2, 0, 0.0093, 26.8836, 4, 5, 17.83
2, 0, 0.0094, 26.893, 4, 5, 17.84
2, 0, 0.0106, 26.9036, 4, 5, 17.85
2, 0, 0.0088, 26.9123, 4, 5, 17.86
2, 0, 0.0095, 26.9218, 4, 5, 17.87
2, 0, 0.0093, 26.9311, 4, 5, 17.88
2, 0, 0.0089, 26.94, 4, 5, 17.89
2, 0, 0.0097, 26.9497, 4, 5, 17.9
2, 0, 0.0101, 26.9598, 4, 5, 17.91
2, 0, 0.0095, 26.9693, 4, 5, 17.92
2, 0, 0.0107, 26.98, 4, 5, 17.93
2, 0, 0.01, 26.99, 4, 5, 17.94
2, 0, 0.0116, 27.0016, 4, 5, 17.95
2, 0, 0.0117, 27.0134, 4, 5, 17.96
2, 0, 0.0103, 27.0236, 4, 5, 17.97
2, 0, 0.0108, 27.0344, 4, 5, 17.98
2, 0, 0.0108, 27.0452, 4, 5, 17.99
2, 0, 0.0109, 27.0561, 4, 5, 18
2, 0, 0.0103, 27.0663, 4, 5, 18.01
2, 0, 0.0093, 27.0756, 4, 5, 18.02
2, 0, 0.0095, 27.0851, 4, 5, 18.03
2, 0, 0.0094, 27.0945, 4, 5, 18.04
2, 0, 0.011, 27.1055, 4, 5, 18.05
2, 0, 0.0111, 27.1165, 4, 5, 18.06
2, 0, 0.0099, 27.1265, 4, 5, 18.07
2, 0, 0.0114, 27.1378, 4, 5, 18.08
2, 0, 0.0109, 27.1487, 4, 5, 18.09
2, 0, 0.0093, 27.158, 4, 5, 18.1
2, 0, 0.0097, 27.1677, 4, 5, 18.11
2, 0, 0.0095, 27.1772, 4, 5, 18.12
2, 0, 0.0097, 27.1869, 4, 5, 18.13
2, 0, 0.01, 27.1969, 4, 5, 18.14
2, 0, 0.0098, 27.2067, 4, 5, 18.15
2, 0, 0.0088, 27.2155, 4, 5, 18.16
2, 0, 0.009, 27.2245, 4, 5, 18.17
2, 0, 0.0123, 27.2369, 4, 5, 18.18
2, 0, 0.0099, 27.2468, 4, 5, 18.19
2, 0, 0.0108, 27.2576, 4, 5, 18.2
2, 0, 0.0103, 27.2679, 4, 5, 18.21
2, 0, 0.0108, 27.2787, 4, 5, 18.22
2, 0, 0.0099, 27.2886, 4, 5, 18.23
2, 0, 0.0094, 27.298, 4, 5, 18.24
2, 0, 0.0091, 27.3071, 4, 5, 18.25
2, 0, 0.0089, 27.316, 4, 5, 18.26
2, 0, 0.0116, 27.3276, 4, 5, 18.27
2, 0, 0.0096, 27.3373, 4, 5, 18.28
2, 0, 0.0095, 27.3467, 4, 5, 18.29
2, 0, 0.0093, 27.3561, 4, 5, 18.3
2, 0, 0.0096, 27.3657, 4, 5, 18.31
2, 0, 0.0091, 27.3749, 4, 5, 18.32
2, 0, 0.0094, 27.3842, 4, 5, 18.33
2, 0, 0.0093, 27.3935, 4, 5, 18.34
2, 0, 0.009, 27.4025, 4, 5, 18.35
2, 0, 0.0088, 27.4113, 4, 5, 18.36
2, 0, 0.0112, 27.4225, 4, 5, 18.37
2, 0, 0.0095, 27.432, 4, 5, 18.38
2, 0, 0.0095, 27.4415, 4, 5, 18.39
2, 0, 0.0089, 27.4505, 4, 5, 18.4
2, 0, 0.0094, 27.4599, 4, 5, 18.41
2, 0, 0.0092, 27.4691, 4, 5, 18.42
2, 0, 0.0087, 27.4778, 4, 5, 18.43
2, 0, 0.0089, 27.4867, 4, 5, 18.44
2, 0, 0.011, 27.4977, 4, 5, 18.45
2, 0, 0.0091, 27.5068, 4, 5, 18.46
2, 0, 0.0095, 27.5163, 4, 5, 18.47
2, 0, 0.0091, 27.5254, 4, 5, 18.48
2, 0, 0.0092, 27.5346, 4, 5, 18.49
2, 0, 0.0091, 27.5437, 4, 5, 18.5
2, 0, 0.0093, 27.553, 4, 5, 18.51
2, 0, 0.0103, 27.5633, 4, 5, 18.52
2, 0, 0.0107, 27.574, 4, 5, 18.53
2, 0, 0.0095, 27.5834, 4, 5, 18.54
2, 0, 0.0113, 27.5948, 4, 5, 18.55
2, 0, 0.0113, 27.6061, 4, 5, 18.56
2, 0, 0.0122, 27.6183, 4, 5, 18.57
2, 0, 0.009, 27.6273, 4, 5, 18.58
2, 0, 0.009, 27.6363, 4, 5, 18.59
2, 0, 0.0093, 27.6457, 4, 5, 18.6
2, 0, 0.01, 27.6556, 4, 5, 18.61
2, 0, 0.0095, 27.6651, 4, 5, 18.62
2, 0, 0.009, 27.6741, 4, 5, 18.63
2, 0, 0.0088, 27.6829, 4, 5, 18.64
2, 0, 0.0088, 27.6916, 4, 5, 18.65
2, 0, 0.0088, 27.7004, 4, 5, 18.66
2, 0, 0.0105, 27.7109, 4, 5, 18.67
2, 0, 0.0098, 27.7207, 4, 5, 18.68
2, 0, 0.0103, 27.731, 4, 5, 18.69
2, 0, 0.01, 27.741, 4, 5, 18.7
2, 0, 0.0101, 27.7511, 4, 5, 18.71
2, 0, 0.0104, 27.7615, 4, 5, 18.72
2, 0, 0.0102, 27.7717, 4, 5, 18.73
2, 0, 0.0106, 27.7823, 4, 5, 18.74
2, 0, 0.0098, 27.7921, 4, 5, 18.75
2, 0, 0.0097, 27.8017, 4, 5, 18.76
2, 0, 0.0109, 27.8126, 4, 5, 18.77
2, 0, 0.0094, 27.8221, 4, 5, 18.78
2, 0, 0.0102, 27.8323, 4, 5, 18.79
2, 0, 0.01, 27.8423, 4, 5, 18.8
2, 0, 0.0101, 27.8524, 4, 5, 18.81
2, 0, 0.0106, 27.863, 4, 5, 18.82
2, 0, 0.0103, 27.8732, 4, 5, 18.83
2, 0, 0.0094, 27.8827, 4, 5, 18.84
2, 0, 0.0095, 27.8922, 4, 5, 18.85
2, 0, 0.0092, 27.9014, 4, 5, 18.86
2, 0, 0.0092, 27.9106, 4, 5, 18.87
2, 0, 0.0093, 27.9199, 4, 5, 18.88
2, 0, 0.0087, 27.9286, 4, 5, 18.89
2, 0, 0.0095, 27.9381, 4, 5, 18.9
2, 0, 0.0094, 27.9475, 4, 5, 18.91
2, 0, 0.0098, 27.9572, 4, 5, 18.92
2, 0, 0.009, 27.9662, 4, 5, 18.93
2, 0, 0.0094, 27.9756, 4, 5, 18.94
2, 0, 0.0087, 27.9844, 4, 5, 18.95
2, 0, 0.0087, 27.9931, 4, 5, 18.96
2, 0, 0.0105, 28.0036, 4, 5, 18.97
2, 0, 0.0099, 28.0135, 4, 5, 18.98
2, 0, 0.01, 28.0234, 4, 5, 18.99
2, 0, 0.0091, 28.0325, 4, 5, 19
2, 0, 0.0098, 28.0423, 4, 5, 19.01
2, 0, 0.01, 28.0522, 4, 5, 19.02
2, 0, 0.0089, 28.0611, 4, 5, 19.03
2, 0, 0.0087, 28.0698, 4, 5, 19.04
2, 0, 0.0093, 28.0791, 4, 5, 19.05
2, 0, 0.0093, 28.0884, 4, 5, 19.06
2, 0, 0.0091, 28.0975, 4, 5, 19.07
2, 0, 0.009, 28.1065, 4, 5, 19.08
2, 0, 0.0091, 28.1156, 4, 5, 19.09
2, 0, 0.0086, 28.1242, 4, 5, 19.1
2, 0, 0.0086, 28.1328, 4, 5, 19.11
2, 0, 0.0102, 28.143, 4, 5, 19.12
2, 0, 0.0101, 28.153, 4, 5, 19.13
2, 0, 0.0112, 28.1643, 4, 5, 19.14
2, 0, 0.0098, 28.174, 4, 5, 19.15
2, 0, 0.0095, 28.1836, 4, 5, 19.16
2, 0, 0.0092, 28.1928, 4, 5, 19.17
2, 0, 0.0091, 28.202, 4, 5, 19.18
2, 0, 0.0095, 28.2114, 4, 5, 19.19
2, 0, 0.0091, 28.2205, 4, 5, 19.2
2, 0, 0.0099, 28.2304, 4, 5, 19.21
2, 0, 0.0109, 28.2413, 4, 5, 19.22
2, 0, 0.01, 28.2513, 4, 5, 19.23
2, 0, 0.0108, 28.2622, 4, 5, 19.24
2, 0, 0.0102, 28.2724, 4, 5, 19.25
2, 0, 0.0101, 28.2825, 4, 5, 19.26
2, 0, 0.0113, 28.2938, 4, 5, 19.27
2, 0, 0.0104, 28.3042, 4, 5, 19.28
2, 0, 0.0098, 28.314, 4, 5, 19.29
2, 0, 0.0094, 28.3234, 4, 5, 19.3
2, 0, 0.0101, 28.3335, 4, 5, 19.31
2, 0, 0.009, 28.3425, 4, 5, 19.32
2, 0, 0.009, 28.3515, 4, 5, 19.33
2, 0, 0.009, 28.3605, 4, 5, 19.34
2, 0, 0.009, 28.3694, 4, 5, 19.35
2, 0, 0.009, 28.3785, 4, 5, 19.36
2, 0, 0.0091, 28.3876, 4, 5, 19.37
2, 0, 0.0091, 28.3967, 4, 5, 19.38
2, 0, 0.0089, 28.4055, 4, 5, 19.39
2, 0, 0.0091, 28.4146, 4, 5, 19.4
2, 0, 0.0097, 28.4242, 4, 5, 19.41
2, 0, 0.0087, 28.4329, 4, 5, 19.42
2, 0, 0.0085, 28.4415, 4, 5, 19.43
2, 0, 0.0097, 28.4512, 4, 5, 19.44
2, 0, 0.0097, 28.4609, 4, 5, 19.45
2, 0, 0.0096, 28.4705, 4, 5, 19.46
2, 0, 0.0103, 28.4808, 4, 5, 19.47
2, 0, 0.0093, 28.4901, 4, 5, 19.48
2, 0, 0.0096, 28.4997, 4, 5, 19.49
2, 0, 0.0093, 28.5089, 4, 5, 19.5
2, 0, 0.0094, 28.5183, 4, 5, 19.51
2, 0, 0.0089, 28.5272, 4, 5, 19.52
2, 0, 0.0095, 28.5367, 4, 5, 19.53
2, 0, 0.0094, 28.5461, 4, 5, 19.54
2, 0, 0.0103, 28.5564, 4, 5, 19.55
2, 0, 0.0117, 28.5681, 4, 5, 19.56
2, 0, 0.0099, 28.578, 4, 5, 19.57
2, 0, 0.0094, 28.5874, 4, 5, 19.58
2, 0, 0.0094, 28.5968, 4, 5, 19.59
2, 0, 0.0093, 28.6062, 4, 5, 19.6
2, 0, 0.0102, 28.6163, 4, 5, 19.61
2, 0, 0.0114, 28.6278, 4, 5, 19.62
2, 0, 0.0117, 28.6395, 4, 5, 19.63
2, 0, 0.0119, 28.6514, 4, 5, 19.64
2, 0, 0.0162, 28.6676, 4, 5, 19.65
2, 0, 0.0163, 28.6839, 4, 5, 19.66
2, 0, 0.0121, 28.6959, 4, 5, 19.67
2, 0, 0.0102, 28.7061, 4, 5, 19.68
2, 0, 0.0101, 28.7163, 4, 5, 19.69
2, 0, 0.0103, 28.7266, 4, 5, 19.7
2, 0, 0.0174, 28.744, 4, 5, 19.71
2, 0, 0.0111, 28.7551, 4, 5, 19.72
2, 0, 0.0105, 28.7656, 4, 5, 19.73
2, 0, 0.0128, 28.7784, 4, 5, 19.74
2, 0, 0.0104, 28.7888, 4, 5, 19.75
2, 0, 0.0128, 28.8017, 4, 5, 19.76
2, 0, 0.01, 28.8116, 4, 5, 19.77
2, 0, 0.0107, 28.8223, 4, 5, 19.78
2, 0, 0.0108, 28.8332, 4, 5, 19.79
2, 0, 0.0102, 28.8434, 4, 5, 19.8
2, 0, 0.0094, 28.8527, 4, 5, 19.81
2, 0, 0.0116, 28.8644, 4, 5, 19.82
2, 0, 0.0107, 28.8751, 4, 5, 19.83
2, 0, 0.0096, 28.8847, 4, 5, 19.84
2, 0, 0.009, 28.8937, 4, 5, 19.85
2, 0, 0.0092, 28.9029, 4, 5, 19.86
2, 0, 0.0088, 28.9116, 4, 5, 19.87
2, 0, 0.0091, 28.9207, 4, 5, 19.88
2, 0, 0.0088, 28.9296, 4, 5, 19.89
2, 0, 0.0097, 28.9393, 4, 5, 19.9
2, 0, 0.0094, 28.9487, 4, 5, 19.91
2, 0, 0.009, 28.9577, 4, 5, 19.92
2, 0, 0.009, 28.9667, 4, 5, 19.93
2, 0, 0.0092, 28.9759, 4, 5, 19.94
2, 0, 0.0089, 28.9848, 4, 5, 19.95
2, 0, 0.0091, 28.994, 4, 5, 19.96
2, 0, 0.0099, 29.0038, 4, 5, 19.97
2, 0, 0.011, 29.0149, 4, 5, 19.98
2, 0, 0.01, 29.0249, 4, 5, 19.99
