set P := 1 2 3 4 5 6 7 8 9;

set I := 1 2 3 4 5 6 7 8 9 10 11 12 13;

param 
v [*,*] (tr)
:      1        2        3        4        5        6        7        8      :=
1    0.8121   0.3814   0.0662   0.9005   0.0395   0.0855   0.974    0.8455
2    0.2512   0.2716   0.5657   0.6787   0.6332   0.6738   0.9764   0.9383
3    0.1147   0.4222   0.5205   0.728    0.5936   0.7597   0.0088   0.2722
4    0.1294   0.654    0.1684   0.8641   0.7985   0.1873   0.277    0.9684
5    0.4807   0.6746   0.114    0.7538   0.2891   0.012    0.013    0.8279
6    0.1775   0.2001   0.4894   0.6566   0.4327   0.2034   0.8478   0.6692
7    0.0355   0.5938   0.1923   0.4571   0.805    0.1083   0.5873   0.4575
8    0.9622   0.0986   0.7389   0.8075   0.5426   0.5413   0.4629   0.8771
9    0.1379   0.5063   0.2797   0.6861   0.4538   0.7622   0.2275   0.2305
10   0.1235   0.6974   0.5859   0.2841   0.3211   0.9725   0.516    0.6749
11   0.1415   0.6814   0.0055   0.4653   0.8508   0.5851   0.2012   0.3278
12   0.6821   0.7962   0.0693   0.0217   0.5626   0.9843   0.163    0.5072
13   0.4991   0.0956   0.1009   0.8146   0.1318   0.873    0.4195   0.0416

:      9       :=
1    0.9763
2    0.1596
3    0.8856
4    0.4252
5    0.9876
6    0.8949
7    0.0997
8    0.8424
9    0.0454
10   0.846
11   0.198
12   0.8124
13   0.0202
;

