set P := 1 2 3 4 5 6 7 8 9;

set I := 1 2 3 4 5 6 7 8 9 10 11 12 13 14;

param 
v [*,*] (tr)
:      1        2        3        4        5        6        7        8      :=
1    0.1072   0.983    0.5143   0.2153   0.2418   0.7179   0.5944   0.3336
2    0.0122   0.277    0.8563   0.0036   0.9894   0.7307   0.9088   0.9779
3    0.8581   0.9966   0.3978   0.6666   0.1222   0.3503   0.791    0.0755
4    0.6591   0.9242   0.3016   0.8083   0.5645   0.6903   0.8959   0.3398
5    0.2555   0.7115   0.4089   0.3587   0.7617   0.234    0.9538   0.2397
6    0.7834   0.9233   0.1279   0.5565   0.9801   0.4288   0.9639   0.2814
7    0.6856   0.4783   0.677    0.3099   0.6834   0.6914   0.0968   0.6047
8    0.3713   0.8777   0.5581   0.3588   0.637    0.5529   0.6606   0.4606
9    0.1759   0.1613   0.4365   0.9194   0.8106   0.1594   0.6285   0.1618
10   0.9733   0.2062   0.3578   0.856    0.4124   0.3686   0.1502   0.1401
11   0.6828   0.55     0.0797   0.6244   0.3746   0.3671   0.1418   0.8732
12   0.2462   0.5248   0.3166   0.9026   0.5018   0.8334   0.3956   0.4521
13   0.4173   0.5828   0.6584   0.9493   0.546    0.1648   0.8511   0.005
14   0.4591   0.0638   0.209    0.3632   0.3725   0.4549   0.3126   0.0952

:      9       :=
1    0.8106
2    0.782
3    0.9902
4    0.0943
5    0.0695
6    0.6975
7    0.3341
8    0.1219
9    0.9192
10   0.186
11   0.1467
12   0.8824
13   0.417
14   0.6064
;

