set P := 1 2 3 4 5 6 7 8 9 10;

set I := 1 2 3 4 5 6 7 8 9;

param 
v [*,*]
:      1        2        3        4        5        6        7        8      :=
1    0.8192   0.8489   0.0269   0.8531   0.6475   0.3953   0.5173   0.1707
2    0.309    0.1904   0.2343   0.1114   0.6079   0.1887   0.8551   0.3707
3    0.5449   0.4895   0.7934   0.6693   0.3574   0.3845   0.9942   0.677
4    0.4161   0.8313   0.3116   0.1563   0.3078   0.5963   0.6841   0.8094
5    0.5393   0.0379   0.4922   0.7589   0.6163   0.415    0.3923   0.1818
6    0.3892   0.0895   0.6939   0.7596   0.8893   0.5585   0.6931   0.9073
7    0.5745   0.4795   0.4214   0.2028   0.5128   0.0194   0.5937   0.2952
8    0.3651   0.3629   0.1213   0.8144   0.9116   0.6206   0.5203   0.7351
9    0.4733   0.2175   0.0104   0.6553   0.5933   0.9294   0.0699   0.668
10   0.1584   0.9644   0.5768   0.4672   0.5145   0.7409   0.8125   0.2001

:      9       :=
1    0.8354
2    0.3421
3    0.9439
4    0.905
5    0.8485
6    0.5234
7    0.7778
8    0.6386
9    0.7256
10   0.1953
;

