set P := 1 2 3 4 5 6 7 8 9 10 11;

set I := 1 2 3 4 5 6 7 8 9;

param 
v [*,*]
:      1        2        3        4        5        6        7        8      :=
1    0.6733   0.7994   0.6347   0.7583   0.4738   0.1897   0.1506   0.6123
2    0.8086   0.8417   0.3184   0.5909   0.7336   0.0126   0.2203   0.3383
3    0.3295   0.3407   0.7209   0.2926   0.2257   0.6868   0.9712   0.2187
4    0.4304   0.9876   0.6901   0.4591   0.3034   0.9123   0.8541   0.4947
5    0.9588   0.8433   0.2015   0.2692   0.4771   0.986    0.7411   0.5203
6    0.3274   0.2387   0.887    0.8528   0.6688   0.7606   0.0679   0.5219
7    0.5984   0.8472   0.4061   0.2551   0.584    0.6508   0.1275   0.8349
8    0.3879   0.1032   0.494    0.0356   0.7195   0.8904   0.3609   0.8337
9    0.6678   0.4216   0.7695   0.0113   0.5851   0.5835   0.4351   0.2428
10   0.4539   0.394    0.3559   0.7567   0.7913   0.5885   0.6467   0.6107
11   0.3907   0.6525   0.8855   0.6183   0.4187   0.9113   0.3004   0.2151

:      9       :=
1    0.5645
2    0.4094
3    0.4022
4    0.9146
5    0.1527
6    0.1182
7    0.1622
8    0.1902
9    0.5491
10   0.4104
11   0.128
;

