set P := 1 2 3 4 5 6 7 8 9 10 11;

set I := 1 2 3 4 5 6 7 8 9 10 11 12;

param 
v [*,*] (tr)
:      1        2        3        4        5        6        7        8      :=
1    0.2598   0.0701   0.019    0.3285   0.4      0.641    0.4138   0.3343
2    0.4149   0.3286   0.7812   0.6002   0.0285   0.5487   0.9437   0.104
3    0.6299   0.4397   0.3749   0.0503   0.6937   0.7531   0.9107   0.868
4    0.5641   0.3133   0.3631   0.7922   0.0672   0.0662   0.371    0.3978
5    0.429    0.4251   0.1456   0.6535   0.8897   0.6898   0.4895   0.8196
6    0.7051   0.3094   0.3861   0.0325   0.7879   0.4597   0.0576   0.8391
7    0.6062   0.8759   0.7737   0.377    0.3624   0.7997   0.4763   0.1464
8    0.5509   0.5591   0.7121   0.4698   0.0963   0.1628   0.4728   0.6044
9    0.5721   0.6183   0.9727   0.6844   0.5845   0.8208   0.5041   0.3486
10   0.8856   0.5554   0.8046   0.0012   0.5352   0.3106   0.17     0.4439
11   0.3054   0.421    0.9575   0.2374   0.2596   0.122    0.308    0.1213
12   0.3404   0.1224   0.974    0.4521   0.6797   0.8068   0.7237   0.3654

:      9        10       11      :=
1    0.4834   0.831    0.4961
2    0.7204   0.2224   0.0042
3    0.1761   0.8406   0.0472
4    0.9012   0.7694   0.8907
5    0.5145   0.1553   0.2458
6    0.4725   0.851    0.6042
7    0.7633   0.7133   0.9885
8    0.7297   0.5973   0.1251
9    0.3479   0.9851   0.3234
10   0.9779   0.3568   0.9908
11   0.4886   0.0543   0.3925
12   0.564    0.0399   0.8151
;

