set P := 1 2 3 4 5 6 7 8 9 10 11 12;

set I := 1 2 3 4 5 6 7 8 9;

param 
v [*,*]
:      1        2        3        4        5        6        7        8      :=
1    0.5683   0.4747   0.035    0.2125   0.2582   0.8494   0.6849   0.9861
2    0.1759   0.8008   0.6817   0.1308   0.6577   0.6819   0.1888   0.3395
3    0.5081   0.9119   0.0702   0.9077   0.4451   0.9242   0.1528   0.358
4    0.7597   0.7494   0.5286   0.118    0.2671   0.1132   0.9735   0.5742
5    0.1082   0.1799   0.338    0.4833   0.6104   0.4028   0.3747   0.5258
6    0.7191   0.266    0.6696   0.1078   0.4486   0.3097   0.3952   0.1162
7    0.7408   0.7517   0.4174   0.8201   0.2582   0.8632   0.6849   0.9301
8    0.7786   0.4051   0.0425   0.6293   0.162    0.464    0.6751   0.7425
9    0.6972   0.0121   0.9317   0.5445   0.7717   0.4734   0.2973   0.4799
10   0.5383   0.378    0.7431   0.3399   0.9146   0.8357   0.3899   0.512
11   0.7052   0.2465   0.4557   0.3419   0.9576   0.5318   0.7679   0.8348
12   0.2834   0.8856   0.2897   0.294    0.4898   0.8821   0.2436   0.2012

:      9       :=
1    0.8766
2    0.2242
3    0.9343
4    0.5083
5    0.0349
6    0.7476
7    0.8948
8    0.6438
9    0.1085
10   0.2786
11   0.0642
12   0.3621
;

