set P := 1 2 3 4 5 6 7 8 9 10 11 12;

set I := 1 2 3 4 5 6 7 8 9 10;

param 
v [*,*]
:      1        2        3        4        5        6        7        8      :=
1    0.5541   0.1683   0.8178   0.7838   0.7226   0.4037   0.4777   0.2228
2    0.4248   0.1633   0.89     0.1512   0.3731   0.4604   0.6136   0.5662
3    0.8557   0.6426   0.884    0.8642   0.1986   0.1861   0.8971   0.0782
4    0.5531   0.7815   0.5226   0.2631   0.192    0.7818   0.6244   0.2035
5    0.168    0.3349   0.508    0.0374   0.5128   0.2535   0.5224   0.717
6    0.8715   0.5296   0.0937   0.4973   0.3821   0.2996   0.0059   0.047
7    0.8438   0.8496   0.9495   0.498    0.2199   0.2324   0.4957   0.8162
8    0.7734   0.7426   0.4534   0.9636   0.5687   0.1871   0.8141   0.9651
9    0.0443   0.393    0.8058   0.5348   0.7489   0.0993   0.6801   0.5784
10   0.2552   0.5723   0.2746   0.6099   0.4941   0.8856   0.3741   0.3059
11   0.4185   0.1872   0.7824   0.044    0.1741   0.7392   0.7232   0.0484
12   0.8332   0.9493   0.6589   0.2731   0.6671   0.9938   0.3832   0.7327

:      9        10      :=
1    0.5736   0.2674
2    0.8522   0.7919
3    0.1329   0.1044
4    0.4621   0.1037
5    0.3475   0.4991
6    0.4301   0.2755
7    0.6274   0.6401
8    0.2957   0.0661
9    0.6595   0.5968
10   0.4329   0.7709
11   0.0667   0.9687
12   0.0847   0.1895
;

