set P := 1 2 3 4 5 6 7 8 9 10 11 12;

set I := 1 2 3 4 5 6 7 8 9 10 11;

param 
v [*,*]
:      1        2        3        4        5        6        7        8      :=
1    0.9121   0.6358   0.9816   0.8453   0.2152   0.8068   0.7763   0.5361
2    0.7921   0.367    0.3026   0.8484   0.4288   0.5283   0.8705   0.1288
3    0.9875   0.6857   0.0554   0.3578   0.2956   0.4164   0.8904   0.9579
4    0.0224   0.7712   0.7459   0.618    0.3583   0.1368   0.7608   0.5764
5    0.8254   0.7749   0.5812   1        0.7314   0.7294   0.6319   0.1821
6    0.7001   0.2071   0.527    0.6473   0.2503   0.996    0.231    0.7571
7    0.9165   0.8071   0.2295   0.2308   0.0544   0.2498   0.8382   0.0086
8    0.2787   0.612    0.4038   0.8701   0.5377   0.6313   0.9215   0.5496
9    0.3717   0.3494   0.8524   0.4713   0.6088   0.0329   0.7946   0.7625
10   0.5289   0.6229   0.3484   0.6216   0.3461   0.3041   0.9919   0.6141
11   0.1096   0.1907   0.779    0.6955   0.738    0.8689   0.6144   0.6518
12   0.6907   0.0905   0.269    0.0361   0.9511   0.1333   0.5599   0.9038

:      9        10       11      :=
1    0.6452   0.8457   0.2776
2    0.2461   0.3036   0.7762
3    0.7781   0.8387   0.2775
4    0.5642   0.69     0.8899
5    0.6822   0.8563   0.5367
6    0.3967   0.2596   0.9088
7    0.9364   0.3051   0.3624
8    0.5037   0.0206   0.1213
9    0.1251   0.8771   0.9116
10   0.0111   0.5831   0.7794
11   0.9139   0.6595   0.5349
12   0.1748   0.7461   0.712
;

