set P := 1 2 3 4 5 6 7 8 9 10 11 12;

set I := 1 2 3 4 5 6 7 8 9 10 11 12 13;

param 
v [*,*] (tr)
:      1        2        3        4        5        6        7        8      :=
1    0.8726   0.2013   0.5869   0.8759   0.5705   0.7351   0.201    0.877
2    0.1536   0.4035   0.5649   0.5976   0.6642   0.6068   0.0717   0.6684
3    0.4417   0.392    0.4964   0.8996   0.9321   0.0429   0.1243   0.1149
4    0.558    0.4623   0.7965   0.8046   0.5681   0.7004   0.4973   0.9079
5    0.5186   0.9839   0.8763   0.7256   0.254    0.7236   0.8548   0.3713
6    0.8878   0.1574   0.653    0.7612   0.8721   0.9325   0.5931   0.761
7    0.1302   0.6476   0.5728   0.1966   0.5136   0.8518   0.872    0.4408
8    0.9181   0.3042   0.3839   0.4003   0.87     0.1686   0.6615   0.9418
9    0.2125   0.723    0.763    0.1784   0.2991   0.3074   0.7762   0.8662
10   0.58     0.1216   0.1267   0.2024   0.1155   0.1075   0.7035   0.8293
11   0.7164   0.4342   0.3118   0.9641   0.1177   0.3572   0.2023   0.9555
12   0.4596   0.6799   0.3406   0.6179   0.8287   0.6496   0.4735   0.1184
13   0.1645   0.5327   0.2692   0.5322   0.107    0.5793   0.2864   0.3257

:      9        10       11       12      :=
1    0.3859   0.864    0.9573   0.7853
2    0.8767   0.2768   0.3469   0.8792
3    0.7888   0.4901   0.3719   0.3555
4    0.6949   0.1218   0.5045   0.313
5    0.3461   0.8484   0.2019   0.6236
6    0.862    0.6792   0.978    0.1914
7    0.9116   0.034    0.5783   0.3289
8    0.4692   0.8299   0.131    0.2184
9    0.5171   0.8153   0.4915   0.3897
10   0.9268   0.7134   0.7474   0.0624
11   0.9815   0.127    0.2106   0.737
12   0.8736   0.674    0.1573   0.3003
13   0.0603   0.5618   0.9958   0.4291
;

