set P := 1 2 3 4 5 6 7 8 9 10 11 12;

set I := 1 2 3 4 5 6 7 8 9 10 11 12 13 14;

param 
v [*,*] (tr)
:      1        2        3        4        5        6        7        8      :=
1    0.2072   0.9102   0.4004   0.2489   0.0492   0.599    0.7209   0.679
2    0.451    0.9319   0.5738   0.2805   0.8327   0.2917   0.3185   0.6524
3    0.1587   0.2338   0.9928   0.1255   0.0777   0.5946   0.9256   0.0509
4    0.9665   0.9894   0.071    0.0659   0.5422   0.8536   0.7789   0.362
5    0.3747   0.5674   0.6487   0.2469   0.7236   0.369    0.1775   0.7006
6    0.6833   0.4829   0.024    0.814    0.0515   0.5078   0.0719   0.5511
7    0.0267   0.183    0.0751   0.4385   0.1672   0.7834   0.8319   0.01
8    0.2978   0.1753   0.8037   0.132    0.7379   0.2777   0.0859   0.5229
9    0.2267   0.5532   0.8817   0.6893   0.2463   0.8893   0.708    0.7394
10   0.2645   0.5853   0.9184   0.1067   0.9377   0.935    0.3567   0.1944
11   0.1863   0.4723   0.2958   0.5525   0.6507   0.4353   0.2209   0.8075
12   0.074    0.9663   0.8645   0.7544   0.4612   0.8839   0.687    0.9347
13   0.2602   0.7276   0.6277   0.9886   0.552    0.9755   0.9818   0.439
14   0.3267   0.5081   0.9979   0.6942   0.6655   0.2088   0.1083   0.3746

:      9        10       11       12      :=
1    0.9608   0.8397   0.0446   0.2527
2    0.8343   0.3561   0.1508   0.4681
3    0.9457   0.8056   0.9301   0.3968
4    0.0635   0.1107   0.8879   0.4384
5    0.5404   0.0888   0.8055   0.8582
6    0.3746   0.0069   0.5524   0.6914
7    0.4854   0.4222   0.9139   0.1967
8    0.0011   0.8816   0.3738   0.1676
9    0.1911   0.4688   0.8485   0.7617
10   0.9147   0.957    0.4332   0.4504
11   0.4243   0.7202   0.9479   0.406
12   0.49     0.0282   0.3205   0.2887
13   0.6165   0.7181   0.2456   0.6519
14   0.0194   0.5607   0.135    0.5066
;

