set P := 1 2 3 4 5 6 7 8 9 10 11 12;

set I := 1 2 3 4 5 6 7 8 9 10 11 12 13 14 15;

param 
v [*,*] (tr)
:      1        2        3        4        5        6        7        8      :=
1    0.9969   0.5825   0.3996   0.9433   0.6423   0.9577   0.4019   0.3442
2    0.6481   0.5867   0.0954   0.8006   0.2978   0.2341   0.9943   0.2653
3    0.496    0.7291   0.8206   0.3178   0.0319   0.7706   0.0761   0.7523
4    0.6372   0.2915   0.2976   0.7246   0.1904   0.6482   0.9048   0.1437
5    0.4722   0.3057   0.3759   0.9347   0.6096   0.3188   0.235    0.3457
6    0.2699   0.1007   0.2337   0.8919   0.9286   0.2136   0.9557   0.5646
7    0.7143   0.0176   0.7736   0.3454   0.0163   0.9387   0.7651   0.0404
8    0.7226   0.0392   0.9026   0.6464   0.5817   0.1256   0.5791   0.7525
9    0.4929   0.2758   0.9702   0.6315   0.2307   0.5327   0.6221   0.1512
10   0.6022   0.0339   0.2207   0.5447   0.585    0.542    0.7898   0.7396
11   0.1063   0.9571   0.8236   0.1632   0.2898   0.4136   0.9567   0.8071
12   0.4548   0.7032   0.2458   0.501    0.4788   0.3234   0.5068   0.8044
13   0.1284   0.8097   0.1191   0.2972   0.7454   0.6233   0.7355   0.424
14   0.5979   0.8681   0.5822   0.9293   0.4453   0.6656   0.9263   0.3921
15   0.7396   0.3294   0.7933   0.9008   0.8741   0.0036   0.5148   0.8208

:      9        10       11       12      :=
1    0.7476   0.6183   0.9314   0.2967
2    0.0573   0.3839   0.4578   0.2744
3    0.43     0.8366   0.4594   0.0906
4    0.0155   0.4279   0.2268   0.7057
5    0.744    0.4563   0.5781   0.6351
6    0.0345   0.3723   0.3365   0.7993
7    0.7888   0.4513   0.4325   0.8409
8    0.9503   0.3037   0.047    0.2135
9    0.9812   0.999    0.1416   0.3915
10   0.1448   0.693    0.0395   0.1384
11   0.1261   0.2533   0.1748   0.4033
12   0.1464   0.9019   0.9032   0.7469
13   0.5523   0.3036   0.729    0.1665
14   0.856    0.3258   0.6152   0.5327
15   0.9414   0.4948   0.7883   0.3329
;

