set P := 1 2 3 4 5 6 7 8 9 10 11 12 13;

set I := 1 2 3 4 5 6 7 8 9;

param 
v [*,*]
:      1        2        3        4        5        6        7        8      :=
1    0.7855   0.8896   0.7222   0.2703   0.1678   0.8217   0.7982   0.5296
2    0.7322   0.4965   0.815    0.612    0.3953   0.358    0.1243   0.5154
3    0.8747   0.8606   0.0697   0.7732   0.9314   0.5097   0.2351   0.9829
4    0.9205   0.9486   0.8491   0.1851   0.1662   0.5621   0.7886   0.5381
5    0.1116   0.4389   0.0646   0.775    0.7516   0.1633   0.7906   0.3516
6    0.0891   0.5231   0.4329   0.5903   0.6203   0.8799   0.2033   0.9648
7    0.2221   0.9658   0.6416   0.2182   0.623    0.5499   0.3907   0.565
8    0.0796   0.9254   0.963    0.0865   0.8025   0.6143   0.3075   0.948
9    0.0775   0.1694   0.6933   0.5818   0.9257   0.0388   0.1541   0.1388
10   0.5486   0.0089   0.519    0.8814   0.3858   0.7808   0.4966   0.8432
11   0.8321   0.1617   0.3086   0.4042   0.5133   0.0683   0.5885   0.0954
12   0.6192   0.7535   0.7239   0.3773   0.8742   0.4698   0.1291   0.4345
13   0.129    0.1149   0.8639   0.9262   0.2462   0.9574   0.6721   0.2783

:      9       :=
1    0.9594
2    0.8716
3    0.0044
4    0.2567
5    0.6298
6    0.1168
7    0.2905
8    0.4782
9    0.2775
10   0.0454
11   0.6407
12   0.8197
13   0.0289
;

