set P := 1 2 3 4 5 6 7 8 9 10 11 12 13;

set I := 1 2 3 4 5 6 7 8 9 10 11;

param 
v [*,*]
:      1        2        3        4        5        6        7        8      :=
1    0.5672   0.3502   0.7754   0.0814   0.9785   0.0388   0.3418   0.0242
2    0.4236   0.2496   0.8302   0.774    0.1493   0.4594   0.1359   0.3597
3    0.6161   0.5838   0.8605   0.713    0.4514   0.9503   0.6739   0.5087
4    0.3969   0.8542   0.9798   0.3238   0.9359   0.3543   0.9956   0.7876
5    0.3808   0.3171   0.8981   0.0289   0.7319   0.6873   0.067    0.1285
6    0.3663   0.6719   0.7759   0.2235   0.9516   0.6168   0.6101   0.6748
7    0.8216   0.0963   0.0615   0.9032   0.6106   0.3694   0.2225   0.7588
8    0.2818   0.7487   0.1699   0.0148   0.6205   0.4501   0.5053   0.6256
9    0.2974   0.4828   0.5751   0.2173   0.6077   0.9835   0.0346   0.4224
10   0.7691   0.6829   0.9906   0.1511   0.633    0.1532   0.717    0.7926
11   0.7745   0.3305   0.5423   0.0878   0.8955   0.3958   0.5199   0.9081
12   0.1413   0.5405   0.2573   0.0898   0.9184   0.4993   0.7259   0.9648
13   0.764    0.6321   0.0807   0.2093   0.8086   0.1851   0.3325   0.65

:      9        10       11      :=
1    0.2927   0.2318   0.1904
2    0.9338   0.5389   0.8215
3    0.861    0.473    0.7506
4    0.7579   0.7484   0.1482
5    0.0296   0.5783   0.4767
6    0.8168   0.843    0.0976
7    0.2064   0.1183   0.4581
8    0.7196   0.2422   0.264
9    0.4724   0.912    0.5644
10   0.881    0.251    0.2983
11   0.618    0.9594   0.9801
12   0.971    0.1949   0.9017
13   0.3797   0.2732   0.4682
;

