set P := 1 2 3 4 5 6 7 8 9 10 11 12 13;

set I := 1 2 3 4 5 6 7 8 9 10 11 12 13;

param 
v [*,*]
:      1        2        3        4        5        6        7        8      :=
1    0.3896   0.5802   0.5444   0.0692   0.7002   0.7302   0.9643   0.3994
2    0.1976   0.5315   0.6497   0.4565   0.7656   0.1603   0.3624   0.6531
3    0.6923   0.8959   0.687    0.1282   0.7865   0.1175   0.103    0.3384
4    0.0662   0.1872   0.2535   0.8526   0.7218   0.7559   0.9674   0.4041
5    0.6633   0.1415   0.1577   0.5611   0.098    0.3148   0.088    0.3908
6    0.5558   0.6291   0.0099   0.7729   0.2013   0.9518   0.6061   0.345
7    0.6391   0.0281   0.1493   0.9378   0.2149   0.9857   0.3658   0.4631
8    0.6951   0.5563   0.0971   0.8996   0.3204   0.9822   0.5172   0.7977
9    0.2244   0.4412   0.7091   0.9102   0.1983   0.0609   0.6446   0.5107
10   0.8127   0.6282   0.6521   0.3297   0.6139   0.9678   0.1212   0.8042
11   0.5551   0.2461   0.2451   0.7241   0.6356   0.2402   0.9203   0.3159
12   0.7183   0.5461   0.2681   0.8879   0.468    0.7641   0.5344   0.8038
13   0.4065   0.0167   0.2094   0.4162   0.6      0.5678   0.1224   0.0816

:      9        10       11       12       13      :=
1    0.0157   0.2775   0.7281   0.8159   0.7682
2    0.1009   0.8604   0.8586   0.9236   0.2021
3    0.6341   0.2654   0.1117   0.6374   0.8162
4    0.137    0.0908   0.9391   0.8371   0.0802
5    0.1283   0.9679   0.3394   0.6387   0.2626
6    0.458    0.1375   0.7033   0.277    0.2889
7    0.0877   0.7937   0.6662   0.1243   0.7612
8    0.1449   0.8856   0.462    0.9719   0.148
9    0.7809   0.2769   0.9325   0.4153   0.8028
10   0.5696   0.069    0.9538   0.8771   0.7429
11   0.9719   0.7326   0.5169   0.3292   0.9326
12   0.5096   0.4963   0.9166   0.8284   0.4566
13   0.3685   0.5872   0.5446   0.29     0.2619
;

