set P := 1 2 3 4 5 6 7 8 9 10 11 12 13;

set I := 1 2 3 4 5 6 7 8 9 10 11 12 13 14 15;

param 
v [*,*] (tr)
:      1        2        3        4        5        6        7        8      :=
1    0.9072   0.4028   0.5786   0.3362   0.1702   0.6509   0.5025   0.2138
2    0.5296   0.9355   0.5289   0.5481   0.0379   0.6961   0.1906   0.0484
3    0.2317   0.9828   0.5485   0.5794   0.8581   0.4628   0.5751   0.3722
4    0.7324   0.6782   0.1132   0.1231   0.7113   0.5326   0.8287   0.2522
5    0.6593   0.5905   0.7913   0.7082   0.0111   0.4577   0.7624   0.7109
6    0.6108   0.9744   0.7809   0.2835   0.095    0.2629   0.977    0.429
7    0.742    0.3645   0.8384   0.6048   0.6616   0.4652   0.4752   0.5161
8    0.1996   0.5531   0.8673   0.1453   0.0055   0.2978   0.6645   0.2112
9    0.3976   0.0199   0.8108   0.1089   0.8496   0.8375   0.0744   0.7029
10   0.356    0.7252   0.0517   0.9704   0.3065   0.1249   0.5424   0.1227
11   0.5949   0.4123   0.8085   0.6009   0.9127   0.552    0.8113   0.7933
12   0.6045   0.2004   0.3231   0.7617   0.9255   0.9372   0.6741   0.2212
13   0.895    0.4513   0.3852   0.453    0.4786   0.6351   0.5404   0.633
14   0.4331   0.3791   0.3221   0.4791   0.4069   0.8388   0.7719   0.8474
15   0.2056   0.6568   0.1881   0.1114   0.6231   0.4025   0.6239   0.1107

:      9        10       11       12       13      :=
1    0.4217   0.6593   0.6578   0.9074   0.8701
2    0.6209   0.0357   0.2237   0.3425   0.2321
3    0.649    0.9543   0.3545   0.1472   0.3256
4    0.6512   0.3559   0.0951   0.6217   0.2978
5    0.9957   0.461    0.6502   0.58     0.1359
6    0.3891   0.1046   0.7194   0.4088   0.4802
7    0.4694   0.0167   0.8952   0.7341   0.8521
8    0.9024   0.416    0.2127   0.5434   0.9322
9    0.5524   0.2006   0.7951   0.5002   0.3416
10   0.187    0.6974   0.1406   0.9788   0.4439
11   0.9784   0.1752   0.0622   0.9427   0.1459
12   0.8139   0.9589   0.5228   0.8619   0.9006
13   0.8426   0.7125   0.843    0.4463   0.8372
14   0.6858   0.0961   0.0489   0.5317   0.0412
15   0.64     0.6349   0.107    0.267    0.6411
;

