set P := 1 2 3 4 5 6 7 8 9 10 11 12 13 14;

set I := 1 2 3 4 5 6 7 8 9;

param 
v [*,*]
:      1        2        3        4        5        6        7        8      :=
1    0.1963   0.7406   0.3497   0.9975   0.9486   0.0958   0.5003   0.9637
2    0.9031   0.6526   0.7239   0.9405   0.7111   0.7267   0.5988   0.6055
3    0.6293   0.5517   0.1614   0.8429   0.0829   0.9509   0.406    0.1155
4    0.5102   0.0796   0.001    0.2334   0.4565   0.0335   0.6629   0.3257
5    0.9876   0.5212   0.8949   0.6669   0.3131   0.2733   0.5574   0.7326
6    0.1107   0.2557   0.4635   0.7316   0.965    0.0748   0.3627   0.0085
7    0.3858   0.6696   0.9881   0.5719   0.7492   0.4752   0.6651   0.8273
8    0.2289   0.7875   0.2495   0.3646   0.5645   0.016    0.7289   0.7696
9    0.0969   0.057    0.9849   0.1015   0.0871   0.3104   0.7333   0.9637
10   0.8576   0.6332   0.5305   0.9599   0.5711   0.0623   0.2124   0.8373
11   0.3055   0.6079   0.7317   0.5499   0.3146   0.0083   0.0295   0.3017
12   0.3194   0.7476   0.9046   0.5315   0.8264   0.8083   0.632    0.7046
13   0.1908   0.4047   0.9944   0.3943   0.3516   0.1836   0.1223   0.1429
14   0.9138   0.113    0.5227   0.5416   0.791    0.2476   0.1598   0.1333

:      9       :=
1    0.3256
2    0.7137
3    0.5644
4    0.0951
5    0.5539
6    0.4049
7    0.8821
8    0.1028
9    0.2302
10   0.4081
11   0.6957
12   0.6917
13   0.2082
14   0.0785
;

