set P := 1 2 3 4 5 6 7 8 9 10 11 12 13 14;

set I := 1 2 3 4 5 6 7 8 9 10;

param 
v [*,*]
:      1        2        3        4        5        6        7        8      :=
1    0.0298   0.5561   0.5089   0.9152   0.5672   0.0703   0.2815   0.2176
2    0.0062   0.4971   0.8701   0.9139   0.351    0.302    0.8737   0.8655
3    0.4591   0.5863   0.6404   0.3121   0.0968   0.9858   0.7163   0.8783
4    0.75     0.0541   0.7409   0.8134   0.361    0.5147   0.7929   0.3236
5    0.8686   0.3884   0.5899   0.9555   0.6342   0.6295   0.1426   0.0592
6    0.4202   0.4329   0.0431   0.9788   0.9353   0.6752   0.0694   0.7986
7    0.3635   0.0054   0.3242   0.9137   0.3389   0.7195   0.5143   0.2523
8    0.6263   0.9383   0.1019   0.4479   0.4613   0.4228   0.6402   0.8904
9    0.5374   0.9325   0.0825   0.4694   0.083    0.537    0.8525   0.7051
10   0.2476   0.4341   0.5653   0.7925   0.246    0.4185   0.0863   0.1251
11   0.3041   0.2648   0.4744   0.8055   0.2256   0.195    0.4361   0.3034
12   0.7826   0.9529   0.7149   0.4869   0.9503   0.3778   0.9808   0.4771
13   0.9959   0.1248   0.3459   0.0294   0.581    0.3562   0.6802   0.4282
14   0.0569   0.8172   0.9184   0.2933   0.1246   0.4746   0.1206   0.256

:      9        10      :=
1    0.1153   0.2072
2    0.0173   0.0833
3    0.8536   0.1664
4    0.2576   0.1782
5    0.9091   0.4542
6    0.4683   0.4051
7    0.451    0.1087
8    0.7453   0.8974
9    0.8059   0.6061
10   0.0083   0.5745
11   0.2202   0.1326
12   0.2671   0.8658
13   0.929    0.5197
14   0.4362   0.9105
;

