set P := 1 2 3 4 5 6 7 8 9 10 11 12 13 14;

set I := 1 2 3 4 5 6 7 8 9 10 11;

param 
v [*,*]
:      1        2        3        4        5        6        7        8      :=
1    0.1613   0.4473   0.4908   0.0695   0.0061   0.5693   0.2068   0.3649
2    0.2663   0.3227   0.7044   0.133    0.3956   0.5608   0.4169   0.5503
3    0.1722   0.2146   0.6986   0.929    0.9222   0.0153   0.3413   0.2394
4    0.0701   0.3616   0.0652   0.3905   0.1405   0.2213   0.3038   0.2316
5    0.1908   0.5512   0.465    0.3229   0.6575   0.7175   0.71     0.6088
6    0.4583   0.0419   0.0384   0.2822   0.3916   0.8364   0.9313   0.8205
7    0.9486   0.3098   0.1619   0.0396   0.1557   0.586    0.0802   0.3414
8    0.8539   0.9361   0.734    0.6342   0.6266   0.6809   0.6433   0.2634
9    0.6645   0.205    0.0287   0.8306   0.5414   0.8354   0.7973   0.8903
10   0.3685   0.3777   0.2358   0.8362   0.0687   0.6046   0.9488   0.1051
11   0.6636   0.3135   0.6523   0.9101   0.1802   0.1168   0.118    0.8295
12   0.9987   0.202    0.2744   0.0269   0.4752   0.3485   0.0456   0.5752
13   0.5205   0.9926   0.218    0.2063   0.1649   0.3109   0.7152   0.5646
14   0.4079   0.7807   0.4423   0.4305   0.8571   0.011    0.5448   0.3101

:      9        10       11      :=
1    0.9225   0.9329   0.731
2    0.5018   0.7865   0.7692
3    0.1596   0.9641   0.888
4    0.3615   0.1485   0.3189
5    0.6295   0.4293   0.9748
6    0.4739   0.8155   0.6366
7    0.689    0.4266   0.2289
8    0.1724   0.5869   0.0059
9    0.0068   0.6695   0.1883
10   0.0369   0.4569   0.9509
11   0.5258   0.1264   0.0159
12   0.7038   0.3      0.874
13   0.9454   0.213    0.8794
14   0.7271   0.7328   0.0837
;

