set P := 1 2 3 4 5 6 7 8 9 10 11 12 13 14;

set I := 1 2 3 4 5 6 7 8 9 10 11 12;

param 
v [*,*]
:      1        2        3        4        5        6        7        8      :=
1    0.1967   0.9164   0.9055   0.9013   0.5014   0.2155   0.1975   0.2971
2    0.5188   0.4537   0.2988   0.6479   0.4559   0.5147   0.1579   0.3362
3    0.9208   0.1811   0.5415   0.4823   0.8855   0.5432   0.2187   0.7126
4    0.7692   0.9111   0.5377   0.0617   0.8136   0.7788   0.0505   0.1089
5    0.0887   0.018    0.7476   0.8113   0.8914   0.477    0.4761   0.2895
6    0.418    0.2822   0.7546   0.379    0.5662   0.3153   0.5695   0.4374
7    0.4116   0.1867   0.654    0.7881   0.749    0.5447   0.0274   0.749
8    0.9112   0.6241   0.402    0.8342   0.3792   0.5645   0.7493   0.3016
9    0.4999   0.9646   0.2567   0.3407   0.2747   0.4472   0.6676   0.0442
10   0.6753   0.9916   0.2671   0.5709   0.1265   0.2972   0.6778   0.0487
11   0.4377   0.8525   0.3288   0.7686   0.3966   0.2824   0.8344   0.192
12   0.969    0.6753   0.4917   0.9153   0.1088   0.1228   0.6155   0.3236
13   0.3555   0.2177   0.4583   0.1644   0.6552   0.6499   0.8632   0.2686
14   0.7552   0.3051   0.2037   0.6294   0.9326   0.2713   0.4817   0.8926

:      9        10       11       12      :=
1    0.2694   0.7282   0.9645   0.1553
2    0.1131   0.235    0.344    0.3059
3    0.0494   0.7552   0.8397   0.7399
4    0.9399   0.7428   0.6001   0.1236
5    0.8724   0.7762   0.671    0.5759
6    0.9385   0.2936   0.7147   0.6185
7    0.3661   0.6436   0.0664   0.1335
8    0.253    0.2621   0.7787   0.7613
9    0.8533   0.9088   0.6629   0.7521
10   0.0434   0.1596   0.0796   0.2133
11   0.8082   0.7438   0.8774   0.9008
12   0.0228   0.3945   0.4728   0.0468
13   0.2861   0.9691   0.2765   0.3765
14   0.4067   0.2908   0.6602   0.7473
;

