set P := 1 2 3 4 5 6 7 8 9 10 11 12 13 14;

set I := 1 2 3 4 5 6 7 8 9 10 11 12 13;

param 
v [*,*]
:      1        2        3        4        5        6        7        8      :=
1    0.2969   0.0596   0.9686   0.205    0.9405   0.7575   0.7241   0.8591
2    0.0442   0.7241   0.0247   0.929    0.487    0.8692   0.15     0.7376
3    0.8302   0.5165   0.901    0.4404   0.2024   0.8643   0.9719   0.3553
4    0.353    0.5395   0.8643   0.4283   0.9546   0.9751   0.8462   0.7308
5    0.6746   0.3326   0.3633   0.6538   0.3032   0.0129   0.0126   0.5836
6    0.782    0.2683   0.2349   0.2073   0.6886   0.6693   0.8823   0.0349
7    0.4937   0.2777   0.6183   0.4048   0.1148   0.18     0.5049   0.2554
8    0.3305   0.3228   0.6772   0.2028   0.5988   0.8294   0.8055   0.3596
9    0.9445   0.6557   0.788    0.3414   0.3053   0.8297   0.5835   0.7944
10   0.3685   0.0566   0.6917   0.0807   0.7539   0.0121   0.3272   0.502
11   0.6422   0.0199   0.101    0.2106   0.6934   0.0129   0.2657   0.5066
12   0.9119   0.9148   0.9838   0.426    0.6252   0.9468   0.8264   0.8585
13   0.2971   0.111    0.1454   0.4268   0.5819   0.1364   0.1885   0.9974
14   0.5739   0.0731   0.2848   0.5834   0.3389   0.4636   0.9428   0.7057

:      9        10       11       12       13      :=
1    0.6741   0.282    0.047    0.2112   0.7587
2    0.7607   0.3053   0.5329   0.8199   0.1016
3    0.1555   0.4854   0.8186   0.4606   0.2773
4    0.3953   0.7567   0.1592   0.4733   0.9201
5    0.8203   0.5597   0.3987   0.6964   0.7426
6    0.9181   0.225    0.39     0.6822   0.3821
7    0.2558   0.3212   0.5194   0.9544   0.9218
8    0.1674   0.8623   0.7743   0.217    0.908
9    0.6857   0.0414   0.9779   0.1094   0.4696
10   0.1811   0.8699   0.9313   0.9009   0.3094
11   0.274    0.4289   0.2186   0.0286   0.5214
12   0.5586   0.5291   0.1806   0.6454   0.4649
13   0.6719   0.458    0.744    0.1837   0.7537
14   0.798    0.7801   0.4796   0.2864   0.8625
;

