set P := 1 2 3 4 5 6 7 8 9 10 11 12 13 14;

set I := 1 2 3 4 5 6 7 8 9 10 11 12 13 14 15;

param 
v [*,*] (tr)
:      1        2        3        4        5        6        7        8      :=
1    0.2433   0.6735   0.2077   0.0803   0.1855   0.161    0.5914   0.533
2    0.4682   0.1445   0.5701   0.9637   0.7253   0.1469   0.6207   0.1668
3    0.4562   0.3877   0.6635   0.6802   0.5404   0.2117   0.9689   0.3958
4    0.4131   0.0473   0.4912   0.3748   0.6704   0.4355   0.8863   0.3497
5    0.3182   0.5958   0.3714   0.2063   0.6604   0.0813   0.5711   0.362
6    0.7444   0.9252   0.5198   0.977    0.3452   0.352    0.4586   0.8981
7    0.1361   0.6672   0.6897   0.7583   0.2551   0.0399   0.6996   0.091
8    0.2787   0.1861   0.742    0.1471   0.2482   0.6685   0.9941   0.7388
9    0.3461   0.6674   0.331    0.7999   0.6603   0.3751   0.9963   0.1873
10   0.789    0.4216   0.1215   0.6206   0.144    0.1652   0.4341   0.4922
11   0.6306   0.9776   0.2649   0.4486   0.0822   0.4277   0.5857   0.8821
12   0.1905   0.238    0.9435   0.3129   0.8667   0.939    0.666    0.7578
13   0.6077   0.3925   0.4631   0.8678   0.3687   0.9085   0.819    0.729
14   0.7756   0.2546   0.2513   0.3735   0.7588   0.4197   0.5294   0.3725
15   0.5867   0.8598   0.8672   0.5615   0.9944   0.8984   0.4136   0.2969

:      9        10       11       12       13       14      :=
1    0.7969   0.754    0.9649   0.1005   0.4779   0.1055
2    0.0537   0.9842   0.774    0.3959   0.3656   0.7153
3    0.6811   0.4073   0.1667   0.7818   0.5812   0.5863
4    0.598    0.0083   0.3917   0.2122   0.7212   0.8164
5    0.1578   0.9272   0.6506   0.02     0.5661   0.8478
6    0.6436   0.6137   0.547    0.3368   0.7207   0.2581
7    0.2722   0.7502   0.0252   0.2197   0.0611   0.5553
8    0.0778   0.7587   0.7031   0.2559   0.5962   0.4228
9    0.1615   0.7224   0.2866   0.9444   0.5394   0.4931
10   0.5468   0.1849   0.1268   0.327    0.7126   0.3452
11   0.1546   0.6135   0.9809   0.2984   0.6956   0.7007
12   0.97     0.9527   0.2848   0.1933   0.8437   0.5688
13   0.6543   0.4355   0.6567   0.1825   0.7477   0.4683
14   0.7978   0.7184   0.4583   0.0113   0.776    0.5748
15   0.5139   0.7404   0.6793   0.8283   0.5251   0.7159
;

