set P := 1 2 3 4 5 6 7 8 9 10 11 12 13 14 15;

set I := 1 2 3 4 5 6 7 8 9;

param 
v [*,*]
:      1        2        3        4        5        6        7        8      :=
1    0.5272   0.0866   0.2626   0.0653   0.1358   0.961    0.3872   0.0189
2    0.9935   0.1007   0.176    0.4069   0.4747   0.6172   0.9298   0.314
3    0.7612   0.6914   0.9401   0.1106   0.0643   0.3124   0.4448   0.9769
4    0.1742   0.736    0.7142   0.723    0.8981   0.3428   0.1195   0.3866
5    0.1901   0.5301   0.1661   0.2321   0.3061   0.3386   0.1662   0.788
6    0.1644   0.3409   0.818    0.6408   0.8532   0.2079   0.1024   0.0231
7    0.041    0.6666   0.9056   0.3107   0.9292   0.2598   0.0078   0.473
8    0.2707   0.9461   0.5155   0.8142   0.8776   0.2685   0.5733   0.3728
9    0.2489   0.9875   0.9932   0.0254   0.0098   0.5779   0.7103   0.5014
10   0.7347   0.6638   0.5384   0.5802   0.326    0.5869   0.7455   0.6313
11   0.4945   0.7194   0.6351   0.3112   0.8577   0.6171   0.0359   0.4856
12   0.1431   0.1667   0.5096   0.1909   0.244    0.9557   0.4476   0.1768
13   0.0201   0.5959   0.6816   0.4198   0.1636   0.1227   0.707    0.4836
14   0.4847   0.8439   0.0889   0.7442   0.7083   0.2018   0.0343   0.1803
15   0.6631   0.6521   0.56     0.9491   0.4012   0.4119   0.5011   0.4257

:      9       :=
1    0.954
2    0.7489
3    0.1577
4    0.5987
5    0.6324
6    0.5489
7    0.8539
8    0.7974
9    0.6648
10   0.1099
11   0.502
12   0.461
13   0.7676
14   0.6367
15   0.4145
;

