set P := 1 2 3 4 5 6 7 8 9 10 11 12 13 14 15;

set I := 1 2 3 4 5 6 7 8 9 10;

param 
v [*,*]
:      1        2        3        4        5        6        7        8      :=
1    0.0088   0.7719   0.4032   0.2679   0.902    0.7234   0.996    0.1858
2    0.9565   0.8226   0.758    0.4093   0.9817   0.8413   0.9364   0.039
3    0.658    0.3848   0.1318   0.2643   0.4001   0.6331   0.2225   0.5469
4    0.7522   0.7874   0.8319   0.2894   0.2183   0.0335   0.2561   0.6637
5    0.7433   0.0541   0.9119   0.1296   0.7162   0.4904   0.004    0.7808
6    0.0006   0.2404   0.3011   0.0518   0.9052   0.417    0.3474   0.2421
7    0.2193   0.4057   0.1375   0.3952   0.3465   0.6703   0.5579   0.3723
8    0.1838   0.3554   0.839    0.4324   0.875    0.1516   0.5705   0.1796
9    0.0873   0.6965   0.4323   0.0855   0.3746   0.1115   0.2924   0.6394
10   0.4324   0.9767   0.4085   0.5673   0.8571   0.9326   0.817    0.5897
11   0.1639   0.8781   0.0256   0.8736   0.6648   0.8451   0.0908   0.8151
12   0.3391   0.1604   0.8539   0.4017   0.4645   0.045    0.9618   0.8256
13   0.2988   0.0655   0.8801   0.4999   0.1635   0.2045   0.8554   0.7529
14   0.3235   0.0584   0.6735   0.5899   0.032    0.6013   0.1441   0.7136
15   0.8011   0.7343   0.2218   0.3376   0.4875   0.8217   0.814    0.2553

:      9        10      :=
1    0.893    0.5257
2    0.8676   0.4867
3    0.7207   0.3807
4    0.5068   0.88
5    0.3579   0.7401
6    0.6      0.165
7    0.807    0.1672
8    0.6241   0.0795
9    0.9365   0.9549
10   0.4222   0.1291
11   0.0965   0.2797
12   0.973    0.15
13   0.261    0.2695
14   0.9576   0.9111
15   0.2608   0.7102
;

