set P := 1 2 3 4 5 6 7 8 9 10 11 12 13 14 15;

set I := 1 2 3 4 5 6 7 8 9 10 11 12;

param 
v [*,*]
:      1        2        3        4        5        6        7        8      :=
1    0.8958   0.0512   0.0285   0.4021   0.0549   0.1506   0.1453   0.9311
2    0.2911   0.7504   0.5837   0.6432   0.6783   0.9084   0.7299   0.9388
3    0.8546   0.8915   0.7887   0.2473   0.5679   0.35     0.5996   0.7147
4    0.0551   0.2865   0.0198   0.1216   0.2846   0.4615   0.0424   0.7674
5    0.6602   0.6816   0.3511   0.465    0.1976   0.0141   0.0602   0.7665
6    0.2281   0.9703   0.1648   0.9952   0.2391   0.414    0.121    0.7348
7    0.9973   0.1822   0.7742   0.2689   0.4898   0.6549   0.383    0.5535
8    0.335    0.1015   0.1341   0.7514   0.539    0.8795   0.6978   0.9544
9    0.2358   0.1962   0.1263   0.5114   0.4397   0.9926   0.0791   0.7418
10   0.3025   0.6214   0.9542   0.2201   0.0146   0.9517   0.3557   0.9349
11   0.8058   0.4769   0.748    0.7119   0.0972   0.3364   0.8753   0.3116
12   0.8992   0.4365   0.439    0.2322   0.6025   0.7703   0.7682   0.1296
13   0.9824   0.2381   0.996    0.6928   0.5258   0.1741   0.6029   0.4907
14   0.1349   0.2679   0.5559   0.2804   0.2076   0.3951   0.253    0.0651
15   0.677    0.2979   0.2458   0.4578   0.4395   0.6122   0.7293   0.895

:      9        10       11       12      :=
1    0.5603   0.7827   0.2476   0.2194
2    0.7538   0.0035   0.2692   0.4078
3    0.0089   0.9326   0.2879   0.757
4    0.0459   0.8312   0.9841   0.8635
5    0.8241   0.6699   0.8861   0.2643
6    0.8966   0.6735   0.5443   0.7665
7    0.9797   0.6492   0.9151   0.2466
8    0.9789   0.4868   0.0257   0.7704
9    0.7434   0.4812   0.0158   0.32
10   0.7697   0.3448   0.6816   0.5825
11   0.8184   0.3821   0.9438   0.4845
12   0.1124   0.8501   0.8632   0.9863
13   0.8756   0.5625   0.4474   0.1721
14   0.4646   0.354    0.7958   0.7629
15   0.4084   0.2823   0.7859   0.1641
;

