set P := 1 2 3 4 5 6 7 8 9 10 11 12 13 14 15;

set I := 1 2 3 4 5 6 7 8 9 10 11 12 13;

param 
v [*,*]
:      1        2        3        4        5        6        7        8      :=
1    0.9006   0.8281   0.3244   0.3804   0.8835   0.3413   0.1766   0.9067
2    0.0178   0.6514   0.9418   0.3441   0.8586   0.53     0.8554   0.5394
3    0.932    0.7275   0.156    0.4563   0.0432   0.3054   0.5043   0.3372
4    0.7358   0.839    0.9003   0.038    0.0497   0.8286   0.5769   0.9343
5    0.7055   0.4896   0.7909   0.6036   0.3051   0.611    0.0104   0.1689
6    0.0553   0.3025   0.7426   0.3856   0.8811   0.066    0.9714   0.1912
7    0.4451   0.0156   0.8978   0.249    0.3138   0.1101   0.1005   0.4773
8    0.9319   0.9546   0.1275   0.478    0.4706   0.3184   0.4167   0.0568
9    0.5961   0.3365   0.0953   0.3812   0.5356   0.1896   0.1771   0.466
10   0.373    0.7406   0.4257   0.1951   0.3173   0.0179   0.4476   0.888
11   0.6851   0.1184   0.9736   0.0962   0.1773   0.1188   0.8819   0.7731
12   0.3859   0.7376   0.0693   0.391    0.3375   0.8948   0.1325   0.0435
13   0.8853   0.4432   0.5823   0.1484   0.2367   0.0941   0.4344   0.7555
14   0.5504   0.1241   0.8093   0.8643   0.8831   0.3805   0.6951   0.1646
15   0.4743   0.8443   0.9669   0.6772   0.3672   0.6803   0.9659   0.408

:      9        10       11       12       13      :=
1    0.9451   0.5211   0.2538   0.6981   0.9037
2    0.609    0.0034   0.1697   0.3587   0.8647
3    0.8788   0.7849   0.5799   0.2779   0.7953
4    0.9879   0.3315   0.7675   0.0241   0.8622
5    0.56     0.0236   0.1813   0.5231   0.0351
6    0.9649   0.6295   0.1959   0.7927   0.5299
7    0.297    0.2092   0.3684   0.8523   0.0286
8    0.3401   0.9827   0.6721   0.5576   0.8735
9    0.4969   0.5903   0.7973   0.1316   0.5693
10   0.5725   0.5642   0.2976   0.8882   0.1114
11   0.2935   0.171    0.9117   0.6648   0.7333
12   0.384    0.1612   0.9635   0.1428   0.1535
13   0.6966   0.8398   0.0964   0.5536   0.5575
14   0.8558   0.7165   0.8098   0.0984   0.671
15   0.0565   0.0963   0.0647   0.9303   0.3106
;

