set P := 1 2 3 4 5 6 7 8 9 10 11 12 13 14 15;

set I := 1 2 3 4 5 6 7 8 9 10 11 12 13 14 15;

param 
v [*,*]
:      1        2        3        4        5        6        7        8      :=
1    0.769    0.1887   0.5563   0.7238   0.3944   0.1919   0.4999   0.8015
2    0.0632   0.5208   0.9815   0.0711   0.1527   0.044    0.9376   1
3    0.6042   0.5148   0.5344   0.2502   0.2831   0.622    0.7334   0.7749
4    0.0319   0.6109   0.9265   0.3409   0.0616   0.5285   0.7842   0.3692
5    0.2733   0.3443   0.0918   0.5337   0.2459   0.4333   0.2377   0.1504
6    0.3266   0.0853   0.026    0.3814   0.1007   0.2272   0.9134   0.5738
7    0.9443   0.2695   0.3662   0.3233   0.4871   0.0301   0.2161   0.8445
8    0.2495   0.4788   0.5633   0.0459   0.4868   0.1527   0.3781   0.641
9    0.1952   0.263    0.0696   0.7449   0.031    0.1392   0.2556   0.2827
10   0.6906   0.2623   0.9706   0.3537   0.7936   0.4144   0.4456   0.4359
11   0.3696   0.4761   0.5726   0.7513   0.1195   0.5109   0.0553   0.8472
12   0.3007   0.8596   0.8058   0.3475   0.8642   0.4811   0.3664   0.8863
13   0.4446   0.016    0.8397   0.0516   0.8517   0.6188   0.9613   0.6644
14   0.3679   0.0545   0.7395   0.0865   0.9114   0.9088   0.5985   0.4016
15   0.7341   0.4234   0.1592   0.7043   0.1313   0.7432   0.4654   0.2841

:      9        10       11       12       13       14       15      :=
1    0.2565   0.5225   0.7372   0.8666   0.7739   0.076    0.4432
2    0.2496   0.7958   0.7602   0.3109   0.9537   0.6641   0.6368
3    0.3695   0.7532   0.1052   0.039    0.039    0.0968   0.2101
4    0.824    0.8105   0.7137   0.2784   0.5573   0.3932   0.8178
5    0.3753   0.8291   0.6338   0.0923   0.0653   0.3718   0.494
6    0.2792   0.6305   0.2777   0.1125   0.2444   0.1659   0.1571
7    0.9716   0.3704   0.2886   0.1198   0.0017   0.8536   0.1899
8    0.2013   0.2777   0.3237   0.7437   0.621    0.617    0.7357
9    0.9041   0.7708   0.8089   0.8734   0.5834   0.1246   0.1805
10   0.7212   0.9496   0.1698   0.7605   0.6901   0.7741   0.9066
11   0.8996   0.402    0.0806   0.463    0.8857   0.1823   0.5752
12   0.5331   0.2364   0.0514   0.3211   0.5127   0.309    0.9451
13   0.2251   0.5459   0.8341   0.0437   0.8997   0.0664   0.3429
14   0.3811   0.5615   0.9427   0.0123   0.2592   0.3366   0.9712
15   0.2019   0.9066   0.3233   0.8044   0.8858   0.5051   0.7904
;

