set P := 1 2 3 4 5 6 7;

set I := 1 2 3 4 5 6 7;

param 
v [*,*]
:     1        2        3        4        5        6        7       :=
1   0.5041   0.6366   0.6339   0.7588   0.1559   0.7463   0.9883
2   0.2959   0.6158   0.132    0.2548   0.8204   0.509    0.282
3   0.3996   0.2774   0.2923   0.9282   0.0781   0.8853   0.3835
4   0.6507   0.9821   0.6071   0.1676   0.3748   0.3266   0.6341
5   0.4778   0.3569   0.474    0.0931   0.1902   0.6552   0.1602
6   0.806    0.2183   0.0646   0.457    0.0901   0.5455   0.7536
7   0.802    0.0226   0.45     0.6183   0.4706   0.5406   0.2358
;

