solveResult, pEnvyFree, solveElapsedTime, totalSolveElaspsedTime, |P|, |I|, fileNumber
4, 0, 0.0389, 0.0389, 1, 1, 1
4, 0, 0.0047, 0.0436, 1, 2, 2
4, 0, 0.0047, 0.0483, 1, 3, 3
4, 0, 0.0048, 0.0531, 1, 4, 4
4, 0, 0.0049, 0.058, 1, 5, 5
4, 0, 0.0047, 0.0626, 1, 6, 6
4, 0, 0.0048, 0.0674, 1, 7, 7
4, 0, 0.0052, 0.0727, 1, 8, 8
4, 0, 0.0049, 0.0776, 1, 9, 9
4, 0, 0.0046, 0.0822, 1, 10, 10
4, 0, 0.0051, 0.0874, 1, 11, 11
4, 0, 0.0049, 0.0923, 1, 12, 12
4, 0, 0.0047, 0.097, 1, 13, 13
4, 0, 0.005, 0.102, 1, 14, 14
4, 0, 0.0047, 0.1068, 1, 15, 15
4, 0, 0.0049, 0.1116, 1, 16, 16
4, 0, 0.0049, 0.1165, 1, 17, 17
4, 0, 0.0047, 0.1212, 1, 18, 18
4, 0, 0.0047, 0.1259, 1, 19, 19
4, 0, 0.0051, 0.131, 1, 20, 20
2, 1, 0.0182, 0.1491, 2, 1, 21
2, 0, 0.0082, 0.1573, 2, 2, 22
2, 0.0404, 0.0235, 0.1807, 2, 3, 23
2, 0, 0.0088, 0.1895, 2, 4, 24
2, 0, 0.0073, 0.1969, 2, 5, 25
2, 0, 0.0078, 0.2046, 2, 6, 26
2, 0, 0.0073, 0.2119, 2, 7, 27
2, 0, 0.0072, 0.2191, 2, 8, 28
2, 0, 0.0075, 0.2266, 2, 9, 29
2, 0, 0.0078, 0.2344, 2, 10, 30
2, 0, 0.0079, 0.2423, 2, 11, 31
2, 0, 0.0078, 0.2501, 2, 12, 32
2, 0, 0.0086, 0.2587, 2, 13, 33
2, 0, 0.0089, 0.2676, 2, 14, 34
2, 0, 0.0083, 0.2759, 2, 15, 35
2, 0, 0.0079, 0.2838, 2, 16, 36
2, 0, 0.0078, 0.2916, 2, 17, 37
2, 0, 0.0081, 0.2997, 2, 18, 38
2, 0, 0.0078, 0.3075, 2, 19, 39
2, 0, 0.0078, 0.3153, 2, 20, 40
2, 1, 0.0078, 0.3231, 3, 1, 41
2, 0.6513, 0.0152, 0.3383, 3, 2, 42
2, 0.0202, 0.013, 0.3513, 3, 3, 43
2, 0.1546, 0.0152, 0.3665, 3, 4, 44
2, 0, 0.0142, 0.3808, 3, 5, 45
2, 0, 0.0074, 0.3881, 3, 6, 46
2, 0, 0.008, 0.3961, 3, 7, 47
2, 0, 0.008, 0.4042, 3, 8, 48
2, 0, 0.0077, 0.4119, 3, 9, 49
2, 0, 0.0152, 0.4271, 3, 10, 50
2, 0, 0.0079, 0.435, 3, 11, 51
2, 0, 0.011, 0.446, 3, 12, 52
2, 0, 0.0078, 0.4538, 3, 13, 53
2, 0, 0.0077, 0.4615, 3, 14, 54
2, 0, 0.0079, 0.4694, 3, 15, 55
2, 0, 0.0079, 0.4773, 3, 16, 56
2, 0, 0.0083, 0.4855, 3, 17, 57
2, 0, 0.008, 0.4935, 3, 18, 58
2, 0, 0.0089, 0.5024, 3, 19, 59
2, 0, 0.0084, 0.5108, 3, 20, 60
2, 1, 0.0075, 0.5183, 4, 1, 61
2, 0.5105, 0.0098, 0.5281, 4, 2, 62
102, 0.4133, 0.0191, 0.5472, 4, 3, 63
2, 0.1067, 0.016, 0.5632, 4, 4, 64
2, 0.0087, 0.0425, 0.6057, 4, 5, 65
2, 0.0281, 0.0173, 0.623, 4, 6, 66
2, 0, 0.0214, 0.6444, 4, 7, 67
2, 0, 0.0573, 0.7017, 4, 8, 68
2, 0, 0.0158, 0.7175, 4, 9, 69
2, 0, 0.0087, 0.7262, 4, 10, 70
2, 0, 0.009, 0.7352, 4, 11, 71
2, 0, 0.0106, 0.7458, 4, 12, 72
2, 0, 0.0155, 0.7613, 4, 13, 73
2, 0, 0.0104, 0.7717, 4, 14, 74
2, 0, 0.0102, 0.7819, 4, 15, 75
2, 0, 0.0102, 0.7922, 4, 16, 76
2, 0, 0.0102, 0.8023, 4, 17, 77
2, 0, 0.0094, 0.8118, 4, 18, 78
2, 0, 0.0115, 0.8233, 4, 19, 79
2, 0, 0.0086, 0.8319, 4, 20, 80
2, 1, 0.0078, 0.8397, 5, 1, 81
102, 0.9114, 0.0145, 0.8542, 5, 2, 82
2, 0.4364, 0.0158, 0.87, 5, 3, 83
2, 0.3493, 0.017, 0.887, 5, 4, 84
2, 0.0473, 0.0157, 0.9027, 5, 5, 85
2, 0.0946, 0.0256, 0.9283, 5, 6, 86
2, 0.0348, 0.0212, 0.9494, 5, 7, 87
2, 0.0486, 0.0486, 0.998, 5, 8, 88
2, 0.01, 0.0375, 1.0356, 5, 9, 89
2, 0, 0.0176, 1.0532, 5, 10, 90
2, 0, 0.0321, 1.0852, 5, 11, 91
2, 0, 0.0208, 1.106, 5, 12, 92
2, 0, 0.019, 1.125, 5, 13, 93
2, 0, 0.023, 1.1481, 5, 14, 94
2, 0, 0.012, 1.1601, 5, 15, 95
2, 0, 0.0154, 1.1755, 5, 16, 96
2, 0, 0.0111, 1.1866, 5, 17, 97
2, 0, 0.0111, 1.1977, 5, 18, 98
2, 0, 0.0169, 1.2146, 5, 19, 99
2, 0, 0.0111, 1.2258, 5, 20, 100
2, 1, 0.0093, 1.235, 6, 1, 101
2, 0.928, 0.0121, 1.2471, 6, 2, 102
102, 0.4583, 0.0191, 1.2662, 6, 3, 103
2, 0.3201, 0.0212, 1.2873, 6, 4, 104
2, 0.2225, 0.0242, 1.3115, 6, 5, 105
2, 0.1689, 0.0248, 1.3363, 6, 6, 106
102, 0.0719, 0.0327, 1.3689, 6, 7, 107
2, 0.0312, 0.0502, 1.4191, 6, 8, 108
2, 0.0374, 0.0642, 1.4834, 6, 9, 109
2, 0.003, 0.0507, 1.5341, 6, 10, 110
2, 0.007, 0.2124, 1.7465, 6, 11, 111
2, 0, 0.0298, 1.7764, 6, 12, 112
2, 0, 0.0274, 1.8037, 6, 13, 113
2, 0, 0.0228, 1.8265, 6, 14, 114
2, 0, 0.04, 1.8665, 6, 15, 115
2, 0, 0.0163, 1.8828, 6, 16, 116
2, 0, 0.0262, 1.909, 6, 17, 117
2, 0, 0.0114, 1.9203, 6, 18, 118
2, 0, 0.026, 1.9463, 6, 19, 119
2, 0, 0.0112, 1.9575, 6, 20, 120
2, 1, 0.0086, 1.9661, 7, 1, 121
2, 0.8227, 0.0125, 1.9786, 7, 2, 122
2, 0.508, 0.0192, 1.9978, 7, 3, 123
2, 0.3845, 0.0273, 2.0251, 7, 4, 124
2, 0.3482, 0.0234, 2.0485, 7, 5, 125
2, 0.2354, 0.0689, 2.1174, 7, 6, 126
103, 0.0753, 0.0227, 2.14, 7, 7, 127
2, 0.0348, 0.0656, 2.2056, 7, 8, 128
2, 0.0285, 0.0516, 2.2573, 7, 9, 129
102, 0.0317, 0.1931, 2.4503, 7, 10, 130
2, 0.015, 0.1716, 2.6219, 7, 11, 131
2, 0.02, 1.1879, 3.8098, 7, 12, 132
2, 0, 0.044, 3.8538, 7, 13, 133
2, 0, 0.0174, 3.8712, 7, 14, 134
2, 0, 0.0143, 3.8855, 7, 15, 135
2, 0, 0.0225, 3.908, 7, 16, 136
2, 0, 0.0407, 3.9486, 7, 17, 137
2, 0, 0.025, 3.9736, 7, 18, 138
2, 0, 0.0284, 4.002, 7, 19, 139
2, 0, 0.0174, 4.0195, 7, 20, 140
2, 1, 0.0084, 4.0279, 8, 1, 141
2, 0.7148, 0.0129, 4.0408, 8, 2, 142
2, 0.562, 0.0195, 4.0603, 8, 3, 143
2, 0.3741, 0.0279, 4.0883, 8, 4, 144
2, 0.321, 0.0359, 4.1241, 8, 5, 145
2, 0.2437, 0.0546, 4.1787, 8, 6, 146
2, 0.1855, 0.0922, 4.271, 8, 7, 147
102, 0.0536, 0.0282, 4.2991, 8, 8, 148
2, 0.0317, 0.0999, 4.3991, 8, 9, 149
2, 0.0525, 0.2849, 4.684, 8, 10, 150
2, 0.0434, 0.8214, 5.5054, 8, 11, 151
2, 0.0172, 1.1038, 6.6092, 8, 12, 152
2, 0.0235, 7.4402, 14.0495, 8, 13, 153
2, 0.0019, 5.8473, 19.8967, 8, 14, 154
3, 0.0025, 68.7878, 88.6845, 8, 15, 155
2, 0, 0.0323, 88.7168, 8, 16, 156
2, 0, 0.0128, 88.7296, 8, 17, 157
2, 0, 0.044, 88.7736, 8, 18, 158
2, 0, 0.1295, 88.9031, 8, 19, 159
2, 0, 0.0286, 88.9318, 8, 20, 160
2, 1, 0.0252, 88.9569, 9, 1, 161
2, 0.7929, 0.0205, 88.9775, 9, 2, 162
2, 0.5585, 0.0249, 89.0023, 9, 3, 163
2, 0.4306, 0.0396, 89.0419, 9, 4, 164
2, 0.3275, 0.0434, 89.0853, 9, 5, 165
2, 0.2601, 0.0537, 89.139, 9, 6, 166
102, 0.2079, 0.2382, 89.3772, 9, 7, 167
2, 0.2127, 0.1654, 89.5426, 9, 8, 168
3, 0.023, 0.0418, 89.5844, 9, 9, 169
2, 0.0275, 0.2244, 89.8087, 9, 10, 170
2, 0.0321, 0.2264, 90.0351, 9, 11, 171
2, 0.0346, 3.1264, 93.1615, 9, 12, 172
2, 0.0288, 3.2076, 96.3691, 9, 13, 173
103, 0.0256, 65.3154, 161.6844, 9, 14, 174
3, 0.0166, 102.2112, 263.8957, 9, 15, 175
422, 0.0092, 300.7659, 564.6616, 9, 16, 176
2, 0, 0.6866, 565.3482, 9, 17, 177
2, 0, 0.0317, 565.3799, 9, 18, 178
2, 0, 0.0615, 565.4414, 9, 19, 179
2, 0, 0.0867, 565.5281, 9, 20, 180
2, 1, 0.0215, 565.5496, 10, 1, 181
2, 0.711, 0.0214, 565.5709, 10, 2, 182
2, 0.5756, 0.0321, 565.603, 10, 3, 183
2, 0.4172, 0.0327, 565.6357, 10, 4, 184
2, 0.3489, 0.047, 565.6827, 10, 5, 185
2, 0.2444, 0.0625, 565.7452, 10, 6, 186
2, 0.232, 0.1533, 565.8985, 10, 7, 187
2, 0.1924, 0.9309, 566.8295, 10, 8, 188
2, 0.1648, 4.354, 571.1835, 10, 9, 189
2, 0.0432, 0.1691, 571.3526, 10, 10, 190
2, 0.0549, 1.4428, 572.7954, 10, 11, 191
2, 0.0404, 2.6832, 575.4786, 10, 12, 192
3, 0.0365, 21.5099, 596.9885, 10, 13, 193
2, 0.0247, 12.0379, 609.0264, 10, 14, 194
422, 0.0346, 300.6261, 909.6525, 10, 15, 195
3, 0.0139, 95.5357, 1005.1883, 10, 16, 196
422, 0.0235, 301.546, 1306.7343, 10, 17, 197
422, 0.0067, 300.9876, 1607.7219, 10, 18, 198
422, 0.0021, 301.0173, 1908.7391, 10, 19, 199
2, 0, 0.0357, 1908.7749, 10, 20, 200
2, 1, 0.0112, 1908.786, 11, 1, 201
2, 0.9141, 0.0327, 1908.8188, 11, 2, 202
2, 0.5438, 0.0415, 1908.8603, 11, 3, 203
2, 0.3871, 0.0408, 1908.9012, 11, 4, 204
102, 0.334, 0.0532, 1908.9543, 11, 5, 205
102, 0.2585, 0.2088, 1909.1632, 11, 6, 206
3, 0.227, 0.3037, 1909.4668, 11, 7, 207
2, 0.2009, 1.327, 1910.7939, 11, 8, 208
2, 0.1633, 7.6983, 1918.4922, 11, 9, 209
2, 0.1669, 58.9936, 1977.4858, 11, 10, 210
2, 0.0169, 0.1907, 1977.6765, 11, 11, 211
2, 0.0329, 1.4644, 1979.1409, 11, 12, 212
2, 0.0453, 56.262, 2035.4029, 11, 13, 213
3, 0.0269, 30.8482, 2066.2511, 11, 14, 214
422, 0.0381, 301.2678, 2367.519, 11, 15, 215
422, 0.0182, 301.0248, 2668.5437, 11, 16, 216
422, 0.0271, 300.957, 2969.5008, 11, 17, 217
422, 0.0166, 301.3222, 3270.823, 11, 18, 218
422, 0.0144, 302.4225, 3573.2454, 11, 19, 219
422, 0.0042, 300.9633, 3874.2087, 11, 20, 220
2, 1, 0.0114, 3874.2202, 12, 1, 221
2, 0.81, 0.0204, 3874.2405, 12, 2, 222
2, 0.5542, 0.0305, 3874.271, 12, 3, 223
2, 0.4205, 0.0642, 3874.3352, 12, 4, 224
2, 0.291, 0.0745, 3874.4097, 12, 5, 225
2, 0.2953, 0.1974, 3874.607, 12, 6, 226
2, 0.2469, 1.2547, 3875.8617, 12, 7, 227
2, 0.1905, 1.9926, 3877.8543, 12, 8, 228
3, 0.1792, 24.3563, 3902.2106, 12, 9, 229
3, 0.1567, 50.4525, 3952.6631, 12, 10, 230
3, 0.1313, 203.2073, 4155.8704, 12, 11, 231
102, 0.0088, 0.2079, 4156.0783, 12, 12, 232
2, 0.0382, 10.2971, 4166.3754, 12, 13, 233
2, 0.0157, 5.9851, 4172.3605, 12, 14, 234
422, 0.0313, 300.7871, 4473.1476, 12, 15, 235
422, 0.0295, 300.3873, 4773.5349, 12, 16, 236
422, 0.0287, 302.0217, 5075.5566, 12, 17, 237
422, 0.0237, 303.7215, 5379.2781, 12, 18, 238
422, 0.0249, 301.235, 5680.5131, 12, 19, 239
422, 0.0124, 301.0667, 5981.5798, 12, 20, 240
2, 1, 0.0272, 5981.607, 13, 1, 241
2, 0.7933, 0.022, 5981.629, 13, 2, 242
2, 0.6627, 0.0566, 5981.6857, 13, 3, 243
2, 0.4181, 0.0627, 5981.7484, 13, 4, 244
2, 0.3863, 0.079, 5981.8274, 13, 5, 245
2, 0.3352, 0.3409, 5982.1683, 13, 6, 246
2, 0.2299, 0.5748, 5982.7432, 13, 7, 247
3, 0.204, 4.1324, 5986.8755, 13, 8, 248
3, 0.1819, 7.5274, 5994.4029, 13, 9, 249
3, 0.1605, 22.1617, 6016.5646, 13, 10, 250
3, 0.1367, 162.4115, 6178.9761, 13, 11, 251
422, 0.1324, 301.0594, 6480.0355, 13, 12, 252
2, 0.0323, 2.5722, 6482.6077, 13, 13, 253
2, 0.0223, 6.1584, 6488.7661, 13, 14, 254
422, 0.0393, 301.331, 6790.0971, 13, 15, 255
422, 0.0356, 300.5514, 7090.6485, 13, 16, 256
422, 0.034, 301.5616, 7392.2102, 13, 17, 257
422, 0.0316, 302.0342, 7694.2444, 13, 18, 258
422, 0.0262, 301.0224, 7995.2668, 13, 19, 259
422, 0.0283, 301.1292, 8296.396, 13, 20, 260
2, 1, 0.0167, 8296.4127, 14, 1, 261
2, 0.9019, 0.0339, 8296.4466, 14, 2, 262
2, 0.6222, 0.0455, 8296.4921, 14, 3, 263
2, 0.4279, 0.1056, 8296.5977, 14, 4, 264
2, 0.3573, 0.3491, 8296.9468, 14, 5, 265
2, 0.2569, 0.3785, 8297.3253, 14, 6, 266
2, 0.2385, 1.7981, 8299.1234, 14, 7, 267
2, 0.1986, 5.8513, 8304.9747, 14, 8, 268
2, 0.1892, 2.865, 8307.8397, 14, 9, 269
3, 0.1697, 14.4698, 8322.3096, 14, 10, 270
422, 0.1525, 300.2764, 8622.5859, 14, 11, 271
422, 0.1331, 300.4313, 8923.0172, 14, 12, 272
422, 0.1109, 301.2025, 9224.2197, 14, 13, 273
2, 0.0183, 2.2992, 9226.5189, 14, 14, 274
3, 0.0244, 12.8722, 9239.3912, 14, 15, 275
422, 0.0289, 301.0745, 9540.4657, 14, 16, 276
422, 0.0337, 301.0657, 9841.5314, 14, 17, 277
422, 0.0337, 300.8103, 10142.3417, 14, 18, 278
422, 0.0309, 301.6838, 10444.0255, 14, 19, 279
422, 0.0242, 305.2269, 10749.2524, 14, 20, 280
2, 1, 0.0147, 10749.2671, 15, 1, 281
2, 0.8554, 0.0256, 10749.2927, 15, 2, 282
2, 0.5451, 0.0283, 10749.321, 15, 3, 283
2, 0.4709, 0.0899, 10749.4109, 15, 4, 284
2, 0.3585, 0.1066, 10749.5175, 15, 5, 285
2, 0.3019, 0.37, 10749.8875, 15, 6, 286
2, 0.2488, 0.4035, 10750.291, 15, 7, 287
2, 0.2209, 4.361, 10754.652, 15, 8, 288
2, 0.1937, 19.9219, 10774.5739, 15, 9, 289
3, 0.1686, 30.586, 10805.1599, 15, 10, 290
422, 0.1466, 300.7687, 11105.9286, 15, 11, 291
422, 0.135, 301.0539, 11406.9825, 15, 12, 292
422, 0.1172, 300.8551, 11707.8377, 15, 13, 293
422, 0.1034, 301.2079, 12009.0456, 15, 14, 294
3, 0.0194, 4.3941, 12013.4397, 15, 15, 295
3, 0.0259, 190.8718, 12204.3115, 15, 16, 296
422, 0.0349, 300.6479, 12504.9594, 15, 17, 297
422, 0.0259, 300.6188, 12805.5781, 15, 18, 298
422, 0.0322, 305.7117, 13111.2899, 15, 19, 299
422, 0.0322, 301.5862, 13412.8761, 15, 20, 300
2, 1, 0.0329, 13412.909, 16, 1, 301
2, 0.7789, 0.044, 13412.953, 16, 2, 302
2, 0.5834, 0.049, 13413.0021, 16, 3, 303
2, 0.4719, 0.112, 13413.114, 16, 4, 304
2, 0.3573, 0.3169, 13413.4309, 16, 5, 305
2, 0.3014, 0.3376, 13413.7686, 16, 6, 306
2, 0.2871, 0.568, 13414.3366, 16, 7, 307
3, 0.2396, 4.2171, 13418.5537, 16, 8, 308
3, 0.1937, 20.1306, 13438.6842, 16, 9, 309
2, 0.1606, 187.4834, 13626.1676, 16, 10, 310
422, 0.1554, 300.4331, 13926.6007, 16, 11, 311
422, 0.1421, 300.8198, 14227.4205, 16, 12, 312
422, 0.1288, 302.2012, 14529.6217, 16, 13, 313
422, 0.115, 301.0191, 14830.6408, 16, 14, 314
422, 0.105, 301.0857, 15131.7265, 16, 15, 315
2, 0.012, 4.9448, 15136.6714, 16, 16, 316
422, 0.0295, 300.5187, 15437.19, 16, 17, 317
422, 0.0241, 301.2846, 15738.4746, 16, 18, 318
422, 0.0267, 300.96, 16039.4347, 16, 19, 319
422, 0.0233, 304.9642, 16344.3988, 16, 20, 320
2, 1, 0.0273, 16344.4261, 17, 1, 321
2, 0.9713, 0.0295, 16344.4556, 17, 2, 322
2, 0.5402, 0.0367, 16344.4923, 17, 3, 323
2, 0.453, 0.1623, 16344.6547, 17, 4, 324
2, 0.3693, 0.3599, 16345.0145, 17, 5, 325
2, 0.2917, 0.179, 16345.1935, 17, 6, 326
2, 0.2603, 0.59, 16345.7835, 17, 7, 327
2, 0.2197, 5.3365, 16351.12, 17, 8, 328
3, 0.1809, 17.2774, 16368.3974, 17, 9, 329
3, 0.1803, 276.9317, 16645.3291, 17, 10, 330
103, 0.16, 239.0287, 16884.3578, 17, 11, 331
422, 0.132, 300.6013, 17184.9591, 17, 12, 332
422, 0.1334, 301.0276, 17485.9867, 17, 13, 333
422, 0.1136, 300.9293, 17786.916, 17, 14, 334
422, 0.1076, 301.2778, 18088.1938, 17, 15, 335
422, 0.0832, 300.9229, 18389.1167, 17, 16, 336
3, 0.0199, 23.6186, 18412.7353, 17, 17, 337
422, 0.0242, 300.7411, 18713.4763, 17, 18, 338
422, 0.0256, 300.8211, 19014.2974, 17, 19, 339
422, 0.026, 301.5076, 19315.805, 17, 20, 340
2, 1, 0.0322, 19315.8372, 18, 1, 341
2, 0.9169, 0.0458, 19315.883, 18, 2, 342
2, 0.6784, 0.0805, 19315.9635, 18, 3, 343
2, 0.4063, 0.4236, 19316.3871, 18, 4, 344
2, 0.3523, 0.2365, 19316.6236, 18, 5, 345
2, 0.3426, 0.8461, 19317.4697, 18, 6, 346
2, 0.2611, 3.9975, 19321.4672, 18, 7, 347
2, 0.248, 5.5748, 19327.0421, 18, 8, 348
2, 0.2079, 75.8021, 19402.8442, 18, 9, 349
422, 0.1677, 300.397, 19703.2412, 18, 10, 350
3, 0.1438, 50.7092, 19753.9504, 18, 11, 351
422, 0.1465, 300.8607, 20054.8111, 18, 12, 352
422, 0.135, 301.4387, 20356.2497, 18, 13, 353
422, 0.123, 300.8676, 20657.1173, 18, 14, 354
422, 0.1063, 300.7885, 20957.9058, 18, 15, 355
422, 0.1077, 301.8365, 21259.7423, 18, 16, 356
422, 0.083, 300.8333, 21560.5756, 18, 17, 357
3, 0.0266, 136.6479, 21697.2235, 18, 18, 358
422, 0.0284, 303.4306, 22000.6541, 18, 19, 359
422, 0.034, 300.658, 22301.3121, 18, 20, 360
2, 1, 0.0155, 22301.3276, 19, 1, 361
2, 0.7518, 0.0355, 22301.3631, 19, 2, 362
2, 0.6307, 0.0587, 22301.4218, 19, 3, 363
2, 0.5217, 0.072, 22301.4939, 19, 4, 364
2, 0.3801, 0.159, 22301.6528, 19, 5, 365
2, 0.2895, 0.6339, 22302.2868, 19, 6, 366
2, 0.2411, 3.4774, 22305.7641, 19, 7, 367
2, 0.2338, 12.1371, 22317.9012, 19, 8, 368
2, 0.1866, 73.2146, 22391.1158, 19, 9, 369
3, 0.1752, 232.846, 22623.9618, 19, 10, 370
422, 0.1589, 300.6092, 22924.571, 19, 11, 371
422, 0.1512, 300.5788, 23225.1498, 19, 12, 372
422, 0.1327, 300.7288, 23525.8786, 19, 13, 373
422, 0.123, 300.6512, 23826.5298, 19, 14, 374
422, 0.106, 301.4858, 24128.0156, 19, 15, 375
422, 0.1043, 300.7436, 24428.7592, 19, 16, 376
422, 0.1021, 301.012, 24729.7712, 19, 17, 377
422, 0.087, 301.4205, 25031.1917, 19, 18, 378
2, 0.0112, 34.5389, 25065.7306, 19, 19, 379
422, 0.0295, 339.672, 25405.4026, 19, 20, 380
2, 1, 0.0317, 25405.4344, 20, 1, 381
2, 0.8407, 0.1126, 25405.547, 20, 2, 382
2, 0.6625, 0.1732, 25405.7201, 20, 3, 383
2, 0.4564, 0.2109, 25405.931, 20, 4, 384
2, 0.3516, 1.0599, 25406.9909, 20, 5, 385
2, 0.3031, 0.553, 25407.5439, 20, 6, 386
102, 0.2643, 3.1102, 25410.6541, 20, 7, 387
2, 0.2361, 25.619, 25436.2732, 20, 8, 388
3, 0.2007, 46.223, 25482.4962, 20, 9, 389
3, 0.1726, 155.5372, 25638.0334, 20, 10, 390
422, 0.1539, 300.7573, 25938.7907, 20, 11, 391
422, 0.1495, 303.0074, 26241.7981, 20, 12, 392
422, 0.1371, 302.4742, 26544.2723, 20, 13, 393
422, 0.1229, 306.4943, 26850.7666, 20, 14, 394
422, 0.111, 303.1794, 27153.9461, 20, 15, 395
422, 0.104, 303.899, 27457.8451, 20, 16, 396
422, 0.0955, 309.5598, 27767.4049, 20, 17, 397
422, 0.0845, 307.9365, 28075.3414, 20, 18, 398
422, 0.0838, 307.6319, 28382.9733, 20, 19, 399
2, 0.0121, 162.3079, 28545.2812, 20, 20, 400
