solveResult, pEnvyFree, solveElapsedTime, totalSolveElaspsedTime, |P|, |I|, fileNumber
4, 0, 0.0076, 0.0076, 1, 1, 1
4, 0, 0.014, 0.0215, 1, 2, 2
4, 0, 0.0106, 0.0321, 1, 3, 3
4, 0, 0.0109, 0.043, 1, 4, 4
4, 0, 0.0113, 0.0544, 1, 5, 5
4, 0, 0.0079, 0.0622, 1, 6, 6
4, 0, 0.0097, 0.0719, 1, 7, 7
4, 0, 0.0082, 0.0802, 1, 8, 8
4, 0, 0.0135, 0.0937, 1, 9, 9
4, 0, 0.0085, 0.1022, 1, 10, 10
4, 0, 0.0089, 0.1111, 1, 11, 11
4, 0, 0.0136, 0.1247, 1, 12, 12
4, 0, 0.0133, 0.138, 1, 13, 13
4, 0, 0.0095, 0.1476, 1, 14, 14
4, 0, 0.0084, 0.156, 1, 15, 15
4, 0, 0.0097, 0.1657, 1, 16, 16
4, 0, 0.0141, 0.1798, 1, 17, 17
4, 0, 0.0095, 0.1893, 1, 18, 18
4, 0, 0.0146, 0.2039, 1, 19, 19
4, 0, 0.0088, 0.2127, 1, 20, 20
2, 1, 0.012, 0.2247, 2, 1, 21
2, 0, 0.0131, 0.2378, 2, 2, 22
2, 0.0404, 0.0246, 0.2623, 2, 3, 23
2, 0, 0.0141, 0.2764, 2, 4, 24
2, 0, 0.0183, 0.2948, 2, 5, 25
2, 0, 0.0121, 0.3069, 2, 6, 26
2, 0, 0.0119, 0.3188, 2, 7, 27
2, 0, 0.0173, 0.3361, 2, 8, 28
2, 0, 0.0157, 0.3518, 2, 9, 29
2, 0, 0.0188, 0.3707, 2, 10, 30
2, 0, 0.013, 0.3837, 2, 11, 31
2, 0, 0.0143, 0.3979, 2, 12, 32
2, 0, 0.0164, 0.4143, 2, 13, 33
2, 0, 0.0142, 0.4286, 2, 14, 34
2, 0, 0.0166, 0.4452, 2, 15, 35
2, 0, 0.0128, 0.4579, 2, 16, 36
2, 0, 0.0132, 0.4711, 2, 17, 37
2, 0, 0.0174, 0.4885, 2, 18, 38
2, 0, 0.0145, 0.503, 2, 19, 39
2, 0, 0.0146, 0.5176, 2, 20, 40
2, 1, 0.0161, 0.5338, 3, 1, 41
2, 0.6513, 0.0238, 0.5576, 3, 2, 42
2, 0.0202, 0.019, 0.5766, 3, 3, 43
2, 0.1546, 0.0592, 0.6357, 3, 4, 44
2, 0, 0.026, 0.6617, 3, 5, 45
2, 0, 0.0119, 0.6737, 3, 6, 46
2, 0, 0.0126, 0.6863, 3, 7, 47
2, 0, 0.012, 0.6983, 3, 8, 48
2, 0, 0.0161, 0.7144, 3, 9, 49
2, 0, 0.0218, 0.7361, 3, 10, 50
2, 0, 0.0131, 0.7492, 3, 11, 51
2, 0, 0.017, 0.7663, 3, 12, 52
2, 0, 0.0183, 0.7846, 3, 13, 53
2, 0, 0.0122, 0.7968, 3, 14, 54
2, 0, 0.0124, 0.8092, 3, 15, 55
2, 0, 0.019, 0.8282, 3, 16, 56
2, 0, 0.0154, 0.8436, 3, 17, 57
2, 0, 0.0176, 0.8612, 3, 18, 58
2, 0, 0.0129, 0.8741, 3, 19, 59
2, 0, 0.0137, 0.8879, 3, 20, 60
2, 1, 0.0157, 0.9035, 4, 1, 61
2, 0.5105, 0.016, 0.9195, 4, 2, 62
102, 0.4133, 0.0254, 0.9449, 4, 3, 63
2, 0.1067, 0.0499, 0.9948, 4, 4, 64
2, 0.0087, 0.036, 1.0307, 4, 5, 65
2, 0.0281, 0.0349, 1.0656, 4, 6, 66
2, 0, 0.0296, 1.0952, 4, 7, 67
2, 0, 0.0464, 1.1416, 4, 8, 68
2, 0, 0.0306, 1.1722, 4, 9, 69
2, 0, 0.0149, 1.1871, 4, 10, 70
2, 0, 0.0178, 1.2048, 4, 11, 71
2, 0, 0.0171, 1.2219, 4, 12, 72
2, 0, 0.0246, 1.2466, 4, 13, 73
2, 0, 0.0184, 1.265, 4, 14, 74
2, 0, 0.0168, 1.2818, 4, 15, 75
2, 0, 0.0186, 1.3004, 4, 16, 76
2, 0, 0.0167, 1.3171, 4, 17, 77
2, 0, 0.0207, 1.3379, 4, 18, 78
2, 0, 0.0196, 1.3575, 4, 19, 79
2, 0, 0.0204, 1.3779, 4, 20, 80
2, 1, 0.0134, 1.3913, 5, 1, 81
2, 0.9114, 0.0202, 1.4115, 5, 2, 82
2, 0.4364, 0.0222, 1.4337, 5, 3, 83
2, 0.3493, 0.0433, 1.477, 5, 4, 84
2, 0.0473, 0.0293, 1.5063, 5, 5, 85
2, 0.0946, 0.039, 1.5454, 5, 6, 86
2, 0.0348, 0.0414, 1.5868, 5, 7, 87
102, 0.0486, 0.0986, 1.6854, 5, 8, 88
2, 0.01, 0.1768, 1.8622, 5, 9, 89
2, 0, 0.0264, 1.8886, 5, 10, 90
2, 0, 0.0423, 1.9309, 5, 11, 91
2, 0, 0.036, 1.9669, 5, 12, 92
2, 0, 0.032, 1.9989, 5, 13, 93
2, 0, 0.0299, 2.0288, 5, 14, 94
2, 0, 0.017, 2.0458, 5, 15, 95
2, 0, 0.0187, 2.0645, 5, 16, 96
2, 0, 0.0176, 2.0822, 5, 17, 97
2, 0, 0.0163, 2.0985, 5, 18, 98
2, 0, 0.0234, 2.1219, 5, 19, 99
2, 0, 0.0179, 2.1398, 5, 20, 100
2, 1, 0.0126, 2.1523, 6, 1, 101
2, 0.928, 0.0156, 2.168, 6, 2, 102
102, 0.4583, 0.0336, 2.2015, 6, 3, 103
2, 0.3201, 0.0775, 2.279, 6, 4, 104
2, 0.2225, 0.0311, 2.3101, 6, 5, 105
2, 0.1689, 0.0385, 2.3487, 6, 6, 106
2, 0.0719, 0.0372, 2.3858, 6, 7, 107
2, 0.0312, 0.0939, 2.4797, 6, 8, 108
2, 0.0374, 0.112, 2.5917, 6, 9, 109
2, 0.003, 0.1503, 2.742, 6, 10, 110
102, 0.007, 0.2455, 2.9875, 6, 11, 111
2, 0, 0.0382, 3.0257, 6, 12, 112
2, 0, 0.0403, 3.0661, 6, 13, 113
2, 0, 0.0401, 3.1061, 6, 14, 114
2, 0, 0.1002, 3.2063, 6, 15, 115
2, 0, 0.0274, 3.2337, 6, 16, 116
2, 0, 0.0488, 3.2826, 6, 17, 117
2, 0, 0.0146, 3.2971, 6, 18, 118
2, 0, 0.0345, 3.3316, 6, 19, 119
2, 0, 0.0198, 3.3514, 6, 20, 120
2, 1, 0.0116, 3.3629, 7, 1, 121
2, 0.8227, 0.0171, 3.38, 7, 2, 122
2, 0.508, 0.0257, 3.4057, 7, 3, 123
2, 0.3845, 0.0396, 3.4453, 7, 4, 124
2, 0.3482, 0.0372, 3.4825, 7, 5, 125
2, 0.2354, 0.1058, 3.5883, 7, 6, 126
103, 0.0753, 0.0452, 3.6335, 7, 7, 127
2, 0.0348, 0.1122, 3.7457, 7, 8, 128
102, 0.0285, 0.1019, 3.8475, 7, 9, 129
2, 0.0317, 0.3351, 4.1827, 7, 10, 130
3, 0.015, 0.2887, 4.4714, 7, 11, 131
2, 0.02, 2.1968, 6.6682, 7, 12, 132
2, 0, 0.0934, 6.7615, 7, 13, 133
2, 0, 0.0286, 6.7901, 7, 14, 134
2, 0, 0.026, 6.8161, 7, 15, 135
2, 0, 0.0372, 6.8533, 7, 16, 136
2, 0, 0.1009, 6.9542, 7, 17, 137
2, 0, 0.0349, 6.989, 7, 18, 138
2, 0, 0.0491, 7.0381, 7, 19, 139
2, 0, 0.0334, 7.0715, 7, 20, 140
2, 1, 0.0144, 7.086, 8, 1, 141
2, 0.7148, 0.0247, 7.1107, 8, 2, 142
2, 0.562, 0.0625, 7.1732, 8, 3, 143
2, 0.3741, 0.0513, 7.2245, 8, 4, 144
2, 0.321, 0.0746, 7.2991, 8, 5, 145
2, 0.2437, 0.0576, 7.3567, 8, 6, 146
2, 0.1855, 0.1769, 7.5336, 8, 7, 147
102, 0.0536, 0.0393, 7.5729, 8, 8, 148
2, 0.0317, 0.1369, 7.7098, 8, 9, 149
3, 0.0525, 0.4286, 8.1384, 8, 10, 150
3, 0.0434, 2.0832, 10.2216, 8, 11, 151
2, 0.0172, 1.0622, 11.2838, 8, 12, 152
2, 0.0235, 6.364, 17.6478, 8, 13, 153
3, 0.0019, 10.5055, 28.1534, 8, 14, 154
3, 0.0025, 76.7939, 104.9472, 8, 15, 155
2, 0, 0.0309, 104.9782, 8, 16, 156
2, 0, 0.0139, 104.9921, 8, 17, 157
2, 0, 0.0868, 105.0789, 8, 18, 158
2, 0, 0.0949, 105.1738, 8, 19, 159
2, 0, 0.0386, 105.2124, 8, 20, 160
2, 1, 0.0139, 105.2263, 9, 1, 161
2, 0.7929, 0.0392, 105.2656, 9, 2, 162
2, 0.5585, 0.0712, 105.3368, 9, 3, 163
2, 0.4306, 0.0447, 105.3815, 9, 4, 164
2, 0.3275, 0.0621, 105.4436, 9, 5, 165
2, 0.2601, 0.0706, 105.5142, 9, 6, 166
102, 0.2079, 0.2233, 105.7374, 9, 7, 167
2, 0.2127, 0.1826, 105.92, 9, 8, 168
3, 0.023, 0.0433, 105.9633, 9, 9, 169
2, 0.0275, 0.2291, 106.1924, 9, 10, 170
3, 0.0321, 0.2247, 106.4171, 9, 11, 171
2, 0.0346, 3.5003, 109.9174, 9, 12, 172
3, 0.0288, 5.2192, 115.1366, 9, 13, 173
3, 0.0256, 32.0801, 147.2167, 9, 14, 174
3, 0.0166, 58.274, 205.4906, 9, 15, 175
3, 0.0092, 207.8713, 413.362, 9, 16, 176
2, 0, 0.9479, 414.3099, 9, 17, 177
2, 0, 0.0407, 414.3505, 9, 18, 178
2, 0, 0.068, 414.4186, 9, 19, 179
2, 0, 0.1629, 414.5815, 9, 20, 180
2, 1, 0.0114, 414.5929, 10, 1, 181
2, 0.711, 0.0381, 414.631, 10, 2, 182
2, 0.5756, 0.0449, 414.6759, 10, 3, 183
2, 0.4172, 0.1289, 414.8047, 10, 4, 184
2, 0.3489, 0.0988, 414.9035, 10, 5, 185
2, 0.2444, 0.1861, 415.0896, 10, 6, 186
2, 0.232, 0.1598, 415.2495, 10, 7, 187
2, 0.1924, 1.1425, 416.392, 10, 8, 188
3, 0.1648, 2.4444, 418.8364, 10, 9, 189
2, 0.0432, 0.144, 418.9804, 10, 10, 190
2, 0.0549, 1.3777, 420.3581, 10, 11, 191
3, 0.0404, 6.814, 427.1721, 10, 12, 192
2, 0.0365, 9.4121, 436.5841, 10, 13, 193
2, 0.0247, 10.6234, 447.2076, 10, 14, 194
422, 0.0346, 300.1197, 747.3272, 10, 15, 195
422, 0.0139, 300.3548, 1047.682, 10, 16, 196
422, 0.0235, 306.0292, 1353.7112, 10, 17, 197
422, 0.0022, 300.9271, 1654.6382, 10, 18, 198
422, 0.0006, 300.7045, 1955.3428, 10, 19, 199
2, 0, 0.0232, 1955.366, 10, 20, 200
2, 1, 0.0114, 1955.3773, 11, 1, 201
2, 0.9141, 0.0175, 1955.3948, 11, 2, 202
2, 0.5438, 0.0456, 1955.4404, 11, 3, 203
2, 0.3871, 0.0349, 1955.4753, 11, 4, 204
102, 0.334, 0.0454, 1955.5207, 11, 5, 205
102, 0.2585, 0.1856, 1955.7063, 11, 6, 206
2, 0.227, 0.2008, 1955.9071, 11, 7, 207
2, 0.2009, 1.1462, 1957.0534, 11, 8, 208
3, 0.1633, 1.1298, 1958.1832, 11, 9, 209
3, 0.1669, 45.8038, 2003.987, 11, 10, 210
2, 0.0169, 0.1468, 2004.1338, 11, 11, 211
2, 0.0329, 0.4723, 2004.6061, 11, 12, 212
2, 0.0453, 31.7673, 2036.3734, 11, 13, 213
3, 0.0269, 53.8509, 2090.2243, 11, 14, 214
422, 0.0378, 300.5375, 2390.7618, 11, 15, 215
422, 0.0182, 301.1198, 2691.8816, 11, 16, 216
422, 0.0271, 301.5074, 2993.389, 11, 17, 217
422, 0.017, 305.6911, 3299.0801, 11, 18, 218
422, 0.0193, 305.1192, 3604.1992, 11, 19, 219
2, 0, 85.0568, 3689.256, 11, 20, 220
2, 1, 0.0128, 3689.2688, 12, 1, 221
2, 0.81, 0.025, 3689.2939, 12, 2, 222
2, 0.5542, 0.0323, 3689.3261, 12, 3, 223
2, 0.4205, 0.0621, 3689.3882, 12, 4, 224
2, 0.291, 0.0969, 3689.4851, 12, 5, 225
3, 0.2953, 0.2288, 3689.7139, 12, 6, 226
2, 0.2469, 0.6041, 3690.318, 12, 7, 227
3, 0.1905, 1.8764, 3692.1944, 12, 8, 228
3, 0.1792, 16.0198, 3708.2143, 12, 9, 229
3, 0.1567, 8.77, 3716.9843, 12, 10, 230
3, 0.1313, 289.4739, 4006.4582, 12, 11, 231
3, 0.0088, 0.2346, 4006.6928, 12, 12, 232
2, 0.0382, 6.7787, 4013.4715, 12, 13, 233
2, 0.0157, 6.5516, 4020.0231, 12, 14, 234
3, 0.0313, 86.4644, 4106.4875, 12, 15, 235
3, 0.0295, 233.7009, 4340.1884, 12, 16, 236
422, 0.0306, 301.526, 4641.7144, 12, 17, 237
422, 0.0237, 301.5811, 4943.2955, 12, 18, 238
422, 0.0246, 303.7431, 5247.0385, 12, 19, 239
422, 0.0101, 305.4097, 5552.4483, 12, 20, 240
2, 1, 0.0326, 5552.4809, 13, 1, 241
2, 0.7933, 0.0195, 5552.5004, 13, 2, 242
2, 0.6627, 0.0435, 5552.544, 13, 3, 243
2, 0.4181, 0.0897, 5552.6336, 13, 4, 244
2, 0.3863, 0.1689, 5552.8026, 13, 5, 245
2, 0.3352, 0.1541, 5552.9566, 13, 6, 246
3, 0.2299, 0.5424, 5553.499, 13, 7, 247
3, 0.204, 2.3773, 5555.8764, 13, 8, 248
2, 0.1819, 7.1456, 5563.022, 13, 9, 249
3, 0.1605, 5.474, 5568.496, 13, 10, 250
3, 0.1367, 64.6029, 5633.0989, 13, 11, 251
422, 0.1324, 301.3777, 5934.4766, 13, 12, 252
2, 0.0323, 0.862, 5935.3386, 13, 13, 253
3, 0.0223, 7.432, 5942.7706, 13, 14, 254
422, 0.0393, 300.2439, 6243.0145, 13, 15, 255
422, 0.0356, 301.0507, 6544.0651, 13, 16, 256
422, 0.0362, 300.9176, 6844.9828, 13, 17, 257
422, 0.0306, 301.6539, 7146.6366, 13, 18, 258
422, 0.0266, 301.1139, 7447.7505, 13, 19, 259
422, 0.0276, 301.8412, 7749.5917, 13, 20, 260
2, 1, 0.0187, 7749.6104, 14, 1, 261
2, 0.9019, 0.0554, 7749.6658, 14, 2, 262
2, 0.6222, 0.1135, 7749.7793, 14, 3, 263
2, 0.4279, 0.1979, 7749.9772, 14, 4, 264
2, 0.3573, 0.2028, 7750.18, 14, 5, 265
3, 0.2569, 0.5206, 7750.7007, 14, 6, 266
2, 0.2385, 0.8521, 7751.5528, 14, 7, 267
2, 0.1986, 8.9499, 7760.5026, 14, 8, 268
3, 0.1892, 6.9774, 7767.48, 14, 9, 269
3, 0.1697, 19.6593, 7787.1394, 14, 10, 270
422, 0.1525, 300.518, 8087.6574, 14, 11, 271
3, 0.1331, 146.8014, 8234.4588, 14, 12, 272
422, 0.1109, 300.4074, 8534.8662, 14, 13, 273
2, 0.0183, 1.1646, 8536.0307, 14, 14, 274
3, 0.0244, 2.4884, 8538.5191, 14, 15, 275
422, 0.0289, 300.7842, 8839.3034, 14, 16, 276
422, 0.0337, 300.5939, 9139.8973, 14, 17, 277
422, 0.0337, 301.3286, 9441.2259, 14, 18, 278
422, 0.0309, 301.0443, 9742.2702, 14, 19, 279
422, 0.0264, 304.2298, 10046.5, 14, 20, 280
2, 1, 0.0164, 10046.5164, 15, 1, 281
2, 0.8554, 0.0294, 10046.5459, 15, 2, 282
2, 0.5451, 0.029, 10046.5748, 15, 3, 283
2, 0.4709, 0.0972, 10046.6721, 15, 4, 284
2, 0.3585, 0.1312, 10046.8033, 15, 5, 285
2, 0.3019, 0.409, 10047.2122, 15, 6, 286
3, 0.2488, 0.5226, 10047.7349, 15, 7, 287
2, 0.2209, 3.3389, 10051.0737, 15, 8, 288
3, 0.1937, 11.2184, 10062.2922, 15, 9, 289
3, 0.1686, 36.7991, 10099.0912, 15, 10, 290
422, 0.1466, 300.6502, 10399.7415, 15, 11, 291
3, 0.135, 206.8821, 10606.6236, 15, 12, 292
422, 0.1172, 300.5984, 10907.222, 15, 13, 293
422, 0.1034, 300.5041, 11207.7261, 15, 14, 294
3, 0.0194, 0.7855, 11208.5116, 15, 15, 295
3, 0.0259, 87.3795, 11295.8911, 15, 16, 296
422, 0.0349, 304.0277, 11599.9188, 15, 17, 297
422, 0.0259, 300.773, 11900.6918, 15, 18, 298
422, 0.0299, 302.3796, 12203.0713, 15, 19, 299
422, 0.0311, 300.8279, 12503.8992, 15, 20, 300
2, 1, 0.0315, 12503.9307, 16, 1, 301
2, 0.7789, 0.032, 12503.9628, 16, 2, 302
2, 0.5834, 0.0744, 12504.0372, 16, 3, 303
2, 0.4719, 0.0974, 12504.1346, 16, 4, 304
2, 0.3573, 0.1284, 12504.263, 16, 5, 305
2, 0.3014, 0.2804, 12504.5434, 16, 6, 306
2, 0.2871, 0.5951, 12505.1386, 16, 7, 307
3, 0.2396, 3.2214, 12508.3599, 16, 8, 308
3, 0.1937, 7.8668, 12516.2267, 16, 9, 309
3, 0.1606, 93.0628, 12609.2895, 16, 10, 310
103, 0.1554, 131.655, 12740.9445, 16, 11, 311
3, 0.1421, 99.8259, 12840.7704, 16, 12, 312
422, 0.1288, 300.979, 13141.7494, 16, 13, 313
422, 0.115, 300.8845, 13442.634, 16, 14, 314
422, 0.105, 300.8238, 13743.4578, 16, 15, 315
103, 0.012, 0.8894, 13744.3473, 16, 16, 316
3, 0.0295, 34.5618, 13778.9091, 16, 17, 317
422, 0.0241, 300.9615, 14079.8706, 16, 18, 318
422, 0.0238, 302.0751, 14381.9457, 16, 19, 319
422, 0.0294, 300.9619, 14682.9076, 16, 20, 320
2, 1, 0.0171, 14682.9247, 17, 1, 321
2, 0.9713, 0.0399, 14682.9646, 17, 2, 322
2, 0.5402, 0.0413, 14683.0058, 17, 3, 323
2, 0.453, 0.157, 14683.1629, 17, 4, 324
2, 0.3693, 0.1649, 14683.3278, 17, 5, 325
2, 0.2917, 0.1844, 14683.5122, 17, 6, 326
2, 0.2603, 0.7301, 14684.2423, 17, 7, 327
2, 0.2197, 2.5789, 14686.8212, 17, 8, 328
2, 0.1809, 12.3855, 14699.2067, 17, 9, 329
3, 0.1803, 142.9769, 14842.1836, 17, 10, 330
3, 0.16, 158.7709, 15000.9545, 17, 11, 331
422, 0.132, 300.6706, 15301.6251, 17, 12, 332
422, 0.1334, 300.8127, 15602.4378, 17, 13, 333
422, 0.1136, 300.6815, 15903.1193, 17, 14, 334
422, 0.1076, 300.8004, 16203.9196, 17, 15, 335
422, 0.0832, 300.5546, 16504.4743, 17, 16, 336
3, 0.0199, 1.3068, 16505.781, 17, 17, 337
422, 0.0242, 300.5072, 16806.2882, 17, 18, 338
422, 0.0236, 300.788, 17107.0762, 17, 19, 339
422, 0.026, 301.0406, 17408.1168, 17, 20, 340
2, 1, 0.0154, 17408.1322, 18, 1, 341
2, 0.9169, 0.0285, 17408.1607, 18, 2, 342
2, 0.6784, 0.0543, 17408.2151, 18, 3, 343
2, 0.4063, 0.3284, 17408.5435, 18, 4, 344
2, 0.3523, 0.1676, 17408.7111, 18, 5, 345
2, 0.3426, 0.536, 17409.247, 18, 6, 346
2, 0.2611, 2.6461, 17411.8932, 18, 7, 347
2, 0.248, 2.7596, 17414.6528, 18, 8, 348
3, 0.2079, 32.7849, 17447.4377, 18, 9, 349
422, 0.1677, 300.2925, 17747.7302, 18, 10, 350
3, 0.1438, 46.4123, 17794.1426, 18, 11, 351
422, 0.1465, 301.4969, 18095.6395, 18, 12, 352
422, 0.135, 301.1575, 18396.797, 18, 13, 353
422, 0.123, 300.5369, 18697.3339, 18, 14, 354
422, 0.1063, 302.8413, 19000.1752, 18, 15, 355
422, 0.1077, 301.1058, 19301.2811, 18, 16, 356
422, 0.083, 301.364, 19602.645, 18, 17, 357
3, 0.0266, 59.9297, 19662.5747, 18, 18, 358
422, 0.0284, 302.441, 19965.0157, 18, 19, 359
422, 0.034, 300.4627, 20265.4784, 18, 20, 360
2, 1, 0.0251, 20265.5035, 19, 1, 361
2, 0.7518, 0.0767, 20265.5802, 19, 2, 362
2, 0.6307, 0.0733, 20265.6536, 19, 3, 363
2, 0.5217, 0.0968, 20265.7504, 19, 4, 364
2, 0.3801, 0.1806, 20265.931, 19, 5, 365
2, 0.2895, 1.0255, 20266.9565, 19, 6, 366
2, 0.2411, 2.994, 20269.9505, 19, 7, 367
2, 0.2338, 5.9976, 20275.9481, 19, 8, 368
3, 0.1866, 29.6016, 20305.5496, 19, 9, 369
103, 0.1752, 106.5583, 20412.1079, 19, 10, 370
422, 0.1589, 300.3815, 20712.4894, 19, 11, 371
422, 0.1512, 300.9094, 21013.3988, 19, 12, 372
422, 0.1327, 303.9137, 21317.3125, 19, 13, 373
422, 0.123, 301.354, 21618.6665, 19, 14, 374
422, 0.106, 302.807, 21921.4736, 19, 15, 375
422, 0.1043, 300.6887, 22222.1623, 19, 16, 376
422, 0.1021, 300.9649, 22523.1272, 19, 17, 377
422, 0.087, 301.5505, 22824.6777, 19, 18, 378
3, 0.0112, 5.0159, 22829.6936, 19, 19, 379
422, 0.0295, 303.6352, 23133.3288, 19, 20, 380
2, 1, 0.0218, 23133.3506, 20, 1, 381
2, 0.8407, 0.0285, 23133.3791, 20, 2, 382
2, 0.6625, 0.0955, 23133.4746, 20, 3, 383
2, 0.4564, 0.1087, 23133.5833, 20, 4, 384
2, 0.3516, 0.2943, 23133.8777, 20, 5, 385
2, 0.3031, 0.4142, 23134.2919, 20, 6, 386
102, 0.2643, 0.8444, 23135.1363, 20, 7, 387
3, 0.2361, 8.4289, 23143.5652, 20, 8, 388
3, 0.2007, 13.0368, 23156.602, 20, 9, 389
3, 0.1726, 28.1728, 23184.7748, 20, 10, 390
422, 0.1539, 300.6024, 23485.3772, 20, 11, 391
422, 0.1495, 300.9357, 23786.3129, 20, 12, 392
422, 0.1371, 300.6313, 24086.9442, 20, 13, 393
422, 0.1229, 300.6455, 24387.5898, 20, 14, 394
422, 0.111, 303.416, 24691.0058, 20, 15, 395
422, 0.104, 300.5083, 24991.5141, 20, 16, 396
422, 0.0955, 300.7698, 25292.2839, 20, 17, 397
422, 0.0845, 300.6125, 25592.8964, 20, 18, 398
422, 0.0838, 300.3454, 25893.2418, 20, 19, 399
3, 0.0121, 73.6197, 25966.8615, 20, 20, 400
