set P := 1 2 3 4 5 6;

set I := 1 2 3 4 5 6 7;

param 
v [*,*] (tr)
:     1        2        3        4        5        6       :=
1   0.3317   0.9566   0.9887   0.5995   0.3373   0.4937
2   0.2561   0.5588   0.0464   0.7765   0.0451   0.2723
3   0.4102   0.9001   0.0652   0.8386   0.5017   0.4248
4   0.2364   0.6222   0.2519   0.2813   0.2359   0.8026
5   0.5982   0.7617   0.39     0.3331   0.229    0.1636
6   0.9889   0.4274   0.4293   0.4825   0.8925   0.0777
7   0.2904   0.891    0.046    0.4584   0.7978   0.2003
;

