set P := 1 2 3 4 5 6 7 8 9;

set I := 1 2 3 4 5 6 7 8 9 10 11;

param 
v [*,*] (tr)
:      1        2        3        4        5        6        7        8      :=
1    0.3913   0.3363   0.0872   0.3202   0.1943   0.4321   0.2557   0.6784
2    0.1212   0.3655   0.8652   0.5264   0.6855   0.2392   0.3526   0.3616
3    0.7054   0.5935   0.2882   0.5586   0.3663   0.2597   0.8284   0.9262
4    0.18     0.5642   0.9787   0.9001   0.6158   0.4109   0.1767   0.9951
5    0.7963   0.4958   0.1669   0.6388   0.1795   0.4113   0.4963   0.8669
6    0.2898   0.6752   0.6157   0.2278   0.1603   0.0689   0.7488   0.6574
7    0.6177   0.0511   0.6049   0.6031   0.722    0.9651   0.2923   0.4553
8    0.7327   0.1592   0.0377   0.5618   0.2183   0.2854   0.1323   0.2412
9    0.4619   0.7496   0.0844   0.5963   0.1583   0.423    0.2178   0.6601
10   0.629    0.4897   0.6266   0.57     0.1313   0.3772   0.5714   0.8638
11   0.9127   0.9232   0.9913   0.9592   0.5576   0.4686   0.7282   0.607

:      9       :=
1    0.422
2    0.3799
3    0.5363
4    0.7102
5    0.6932
6    0.0015
7    0.7337
8    0.0995
9    0.4873
10   0.0543
11   0.4378
;

