set P := 1 2 3 4 5 6 7 8 9;

set I := 1 2 3 4 5 6 7 8 9 10 11 12;

param 
v [*,*] (tr)
:      1        2        3        4        5        6        7        8      :=
1    0.4479   0.5923   0.2087   0.9614   0.0361   0.896    0.029    0.5273
2    0.6934   0.9054   0.9206   0.7842   0.1345   0.0831   0.9122   0.7918
3    0.6212   0.6052   0.7713   0.7195   0.5771   0.9398   0.1197   0.314
4    0.2672   0.7716   0.7643   0.4153   0.0114   0.1066   0.3717   0.7753
5    0.8195   0.1349   0.4779   0.9303   0.4103   0.5147   0.7437   0.4289
6    0.9504   0.3658   0.0757   0.148    0.3335   0.5601   0.6715   0.6185
7    0.1227   0.8931   0.4554   0.4194   0.2224   0.2808   0.0984   0.3553
8    0.9642   0.8981   0.6777   0.7708   0.5435   0.7541   0.9247   0.6529
9    0.3812   0.2521   0.463    0.5379   0.8643   0.7269   0.8384   0.8146
10   0.3207   0.3255   0.2357   0.2085   0.9838   0.8743   0.0144   0.5625
11   0.0904   0.176    0.5844   0.3935   0.0816   0.5952   0.1553   0.6229
12   0.0651   0.614    0.9709   0.1182   0.9133   0.9451   0.9973   0.1007

:      9       :=
1    0.4502
2    0.3954
3    0.1122
4    0.8547
5    0.0708
6    0.7646
7    0.8829
8    0.9832
9    0.6612
10   0.1998
11   0.5905
12   0.0926
;

