set P := 1 2 3 4 5 6 7 8 9;

set I := 1 2 3 4 5 6 7 8 9 10 11 12 13 14 15;

param 
v [*,*] (tr)
:      1        2        3        4        5        6        7        8      :=
1    0.5536   0.8066   0.4324   0.6011   0.6549   0.4495   0.603    0.1314
2    0.8323   0.5534   0.8001   0.5364   0.3544   0.702    0.2444   0.2804
3    0.6701   0.3578   0.3463   0.6279   0.0636   0.9254   0.8092   0.2329
4    0.8049   0.1772   0.4783   0.4301   0.5317   0.693    0.4028   0.6286
5    0.788    0.5074   0.465    0.7881   0.405    0.4102   0.9441   0.883
6    0.0723   0.2197   0.4607   0.5517   0.5851   0.0628   0.6189   0.9155
7    0.8679   0.3222   0.1041   0.0246   0.8082   0.7462   0.2749   0.9193
8    0.124    0.3103   0.6578   0.1481   0.2087   0.5057   0.1142   0.1382
9    0.7934   0.7012   0.723    0.511    0.7427   0.4066   0.3636   0.3607
10   0.3091   0.6376   0.0265   0.3813   0.2315   0.1155   0.6924   0.7011
11   0.1469   0.726    0.5665   0.5263   0.3767   0.574    0.3616   0.1096
12   0.8134   0.1961   0.6463   0.775    0.6381   0.8217   0.1531   0.1306
13   0.7788   0.8058   0.3085   0.0458   0.7385   0.82     0.047    0.1228
14   0.6365   0.1606   0.7322   0.0214   0.4954   0.5785   0.1633   0.9056
15   0.4868   0.9587   0.9194   0.6119   0.0812   0.7837   0.9696   0.6382

:      9       :=
1    0.3105
2    0.6578
3    0.8264
4    0.7913
5    0.8701
6    0.1692
7    0.3105
8    0.9061
9    0.9138
10   0.9494
11   0.0442
12   0.5696
13   0.8575
14   0.2104
15   0.7351
;

