set P := 1 2 3 4 5 6 7 8 9;

set I := 1 2 3 4 5 6 7 8 9 10 11 12 13 14 15 16;

param 
v [*,*] (tr)
:      1        2        3        4        5        6        7        8      :=
1    0.1837   0.9694   0.3149   0.5421   0.7642   0.3598   0.1363   0.4912
2    0.0752   0.1768   0.9992   0.8259   0.8362   0.1812   0.1834   0.8322
3    0.7664   0.7179   0.3783   0.9485   0.5521   0.1793   0.2073   0.9433
4    0.8483   0.095    0.119    0.9071   0.5192   0.7103   0.1362   0.3567
5    0.6092   0.8026   0.5392   0.2932   0.7189   0.782    0.214    0.6202
6    0.3852   0.3236   0.308    0.9483   0.2804   0.4381   0.8601   0.2076
7    0.4794   0.4481   0.3116   0.6784   0.5902   0.6374   0.7509   0.7941
8    0.1774   0.4434   0.5672   0.4218   0.4055   0.2542   0.927    0.1891
9    0.5155   0.5709   0.6551   0.3983   0.7115   0.7037   0.0764   0.4234
10   0.0072   0.5596   0.1463   0.0336   0.4146   0.5251   0.4398   0.6975
11   0.1467   0.3249   0.2417   0.8719   0.574    0.0301   0.531    0.436
12   0.4663   0.9949   0.0546   0.9122   0.2915   0.9588   0.7056   0.6091
13   0.5899   0.6602   0.5752   0.286    0.2854   0.0781   0.2183   0.2367
14   0.4405   0.9947   0.9887   0.4117   0.5867   0.9929   0.7806   0.4784
15   0.1636   0.8636   0.4896   0.9163   0.3574   0.6591   0.7501   0.1669
16   0.6096   0.7068   0.9899   0.3659   0.7105   0.5419   0.3549   0.8135

:      9       :=
1    0.3866
2    0.3191
3    0.86
4    0.8109
5    0.5304
6    0.2431
7    0.4285
8    0.0856
9    0.4987
10   0.7328
11   0.302
12   0.3557
13   0.759
14   0.147
15   0.0002
16   0.3914
;

