set P := 1 2 3 4 5 6 7 8 9;

set I := 1 2 3 4 5 6 7 8 9 10 11 12 13 14 15 16 17;

param 
v [*,*] (tr)
:      1        2        3        4        5        6        7        8      :=
1    0.7339   0.2007   0.7625   0.0567   0.4961   0.0408   0.2681   0.2162
2    0.2844   0.634    0.6587   0.6734   0.7049   0.526    0.3916   0.3339
3    0.7753   0.0751   0.308    0.9844   0.6655   0.8866   0.5044   0.3786
4    0.6075   0.854    0.2579   0.44     0.8731   0.1209   0.0859   0.1565
5    0.8567   0.9355   0.2492   0.081    0.9809   0.6656   0.8362   0.8017
6    0.3244   0.8786   0.2041   0.1412   0.8792   0.1662   0.9033   0.1512
7    0.6427   0.2213   0.1429   0.4689   0.7204   0.402    0.1778   0.8968
8    0.7889   0.0183   0.0368   0.3991   0.5038   0.9064   0.2444   0.5451
9    0.2506   0.739    0.421    0.4726   0.4008   0.1096   0.1377   0.1814
10   0.603    0.726    0.3506   0.8673   0.7007   0.5143   0.7404   0.5263
11   0.4568   0.0907   0.326    0.3051   0.2013   0.4666   0.765    0.2721
12   0.6428   0.3317   0.0507   0.6391   0.3633   0.2353   0.5378   0.463
13   0.3695   0.9942   0.4821   0.1195   0.5526   0.9313   0.8609   0.0725
14   0.3533   0.0959   0.4391   0.687    0.4736   0.5428   0.1829   0.5889
15   0.6733   0.1132   0.3622   0.7966   0.5364   0.2128   0.2605   0.2971
16   0.3352   0.1902   0.3032   0.6258   0.9019   0.2816   0.8254   0.3153
17   0.6989   0.5239   0.1879   0.9235   0.2751   0.3687   0.8573   0.282

:      9       :=
1    0.6145
2    0.2359
3    0.1269
4    0.3611
5    0.3673
6    0.012
7    0.0734
8    0.3343
9    0.9478
10   0.7535
11   0.7689
12   0.8739
13   0.7929
14   0.722
15   0.5498
16   0.3673
17   0.588
;

