set P := 1 2 3 4 5 6 7 8 9;

set I := 1 2 3 4 5 6 7 8 9 10 11 12 13 14 15 16 17 18;

param 
v [*,*] (tr)
:      1        2        3        4        5        6        7        8      :=
1    0.0227   0.3925   0.6953   0.4086   0.1342   0.8486   0.6796   0.4879
2    0.4655   0.0651   0.1143   0.1354   0.4494   0.9873   0.0493   0.2393
3    0.6582   0.6491   0.0571   0.2481   0.4079   0.8444   0.9824   0.9479
4    0.345    0.207    0.9468   0.4434   0.5185   0.1209   0.3613   0.8234
5    0.6786   0.3173   0.8127   0.6998   0.3441   0.9065   0.845    0.1029
6    0.271    0.7289   0.1247   0.0199   0.4385   0.2396   0.531    0.7339
7    0.9984   0.5319   0.247    0.6308   0.324    0.9083   0.944    0.042
8    0.0819   0.0359   0.4095   0.0739   0.2545   0.7833   0.1594   0.7957
9    0.0943   0.5758   0.6271   0.4634   0.4628   0.8952   0.5849   0.6974
10   0.4383   0.2106   0.3323   0.2518   0.5248   0.4289   0.2532   0.4314
11   0.719    0.9686   0.4357   0.308    0.5306   0.8447   0.6416   0.6369
12   0.5402   0.5164   0.7074   0.1435   0.2713   0.5887   0.1302   0.0814
13   0.3328   0.4248   0.5962   0.3825   0.5566   0.8599   0.3717   0.114
14   0.1291   0.7973   0.2448   0.8909   0.7763   0.749    0.5413   0.3755
15   0.6832   0.1433   0.4209   0.5992   0.7348   0.121    0.9669   0.5076
16   0.886    0.0135   0.2166   0.6104   0.7021   0.1034   0.4038   0.2687
17   0.2337   0.005    0.7564   0.1751   0.4459   0.1902   0.0596   0.1956
18   0.0202   0.1421   0.5966   0.1157   0.9378   0.3659   0.3026   0.1667

:      9       :=
1    0.0597
2    0.018
3    0.982
4    0.4106
5    0.2608
6    0.6057
7    0.7889
8    0.7009
9    0.0979
10   0.1349
11   0.4964
12   0.5986
13   0.8517
14   0.6958
15   0.2951
16   0.3151
17   0.2815
18   0.5302
;

