set P := 1 2 3 4 5 6 7 8 9;

set I := 1 2 3 4 5 6 7 8 9 10 11 12 13 14 15 16 17 18 19;

param 
v [*,*] (tr)
:      1        2        3        4        5        6        7        8      :=
1    0.9834   0.4922   0.0864   0.5246   0.4944   0.1974   0.7408   0.848
2    0.3962   0.7869   0.1747   0.2767   0.9087   0.1588   0.863    0.2504
3    0.9589   0.3795   0.9162   0.008    0.0998   0.0059   0.2141   0.6933
4    0.7211   0.025    0.3722   0.8249   0.2116   0.4614   0.5945   0.0871
5    0.7041   0.6529   0.1957   0.4516   0.1277   0.2294   0.6163   0.4659
6    0.3831   0.6572   0.1438   0.3778   0.2271   0.0225   0.4133   0.3315
7    0.8592   0.1991   0.1815   0.0123   0.9      0.649    0.4497   0.5427
8    0.8342   0.8705   0.1959   0.8083   0.8026   0.1112   0.0821   0.4499
9    0.1021   0.8503   0.1109   0.1189   0.2039   0.858    0.3421   0.1585
10   0.7847   0.3043   0.6795   0.5967   0.7636   0.2426   0.9073   0.0018
11   0.3168   0.3165   0.8144   0.4606   0.2756   0.1677   0.3361   0.5061
12   0.8855   0.1736   0.1842   0.9947   0.5414   0.9369   0.281    0.8354
13   0.3884   0.5045   0.2281   0.8254   0.0474   0.225    0.9063   0.3749
14   0.1544   0.6284   0.671    0.7912   0.9903   0.0677   0.6112   0.2343
15   0.3198   0.0808   0.6232   0.9499   0.3561   0.0295   0.9729   0.5689
16   0.425    0.4181   0.9893   0.5276   0.9222   0.5965   0.8881   0.1905
17   0.9093   0.2053   0.6371   0.6577   0.6762   0.9894   0.9676   0.91
18   0.5784   0.6465   0.9462   0.5266   0.5348   0.6569   0.675    0.8841
19   0.964    0.38     0.7574   0.0317   0.2265   0.4482   0.5356   0.693

:      9       :=
1    0.7499
2    0.5625
3    0.3726
4    0.8352
5    0.4286
6    0.6981
7    0.581
8    0.0083
9    0.0049
10   0.0196
11   0.4306
12   0.2422
13   0.7035
14   0.0047
15   0.86
16   0.3763
17   0.6468
18   0.2549
19   0.254
;

