set P := 1 2 3 4 5 6 7 8 9;

set I := 1 2 3 4 5 6 7 8 9 10 11 12 13 14 15 16 17 18 19 20;

param 
v [*,*] (tr)
:      1        2        3        4        5        6        7        8      :=
1    0.8607   0.7801   0.6206   0.6997   0.549    0.7095   0.7483   0.5132
2    0.9924   0.7935   0.4005   0.1816   0.8562   0.6044   0.1653   0.0074
3    0.9021   0.9437   0.4876   0.7703   0.829    0.8088   0.0826   0.3182
4    0.0517   0.2436   0.6055   0.3538   0.2662   0.4366   0.5536   0.2568
5    0.5944   0.7476   0.6639   0.4766   0.3876   0.5887   0.6777   0.477
6    0.1405   0.6089   0.0828   0.149    0.5244   0.8125   0.9268   0.6608
7    0.3709   0.3192   0.9164   0.7162   0.2142   0.0243   0.3891   0.8483
8    0.7373   0.0386   0.6277   0.0562   0.1628   0.4346   0.1658   0.7317
9    0.7919   0.4124   0.8317   0.8313   0.0805   0.5528   0.1886   0.789
10   0.5828   0.9242   0.2239   0.3758   0.9529   0.1218   0.4268   0.5464
11   0.1443   0.7145   0.6063   0.1622   0.2076   0.4818   0.9396   0.6574
12   0.4638   0.3358   0.2543   0.5242   0.3173   0.3665   0.5087   0.8495
13   0.5272   0.3989   0.5045   0.762    0.7202   0.1992   0.7093   0.4782
14   0.4834   0.2872   0.53     0.0909   0.2638   0.7076   0.1264   0.3373
15   0.4508   0.3549   0.2502   0.9958   0.5823   0.6009   0.1748   0.3584
16   0.2188   0.0914   0.4543   0.9033   0.4668   0.977    0.702    0.8726
17   0.6315   0.3988   0.572    0.9625   0.8473   0.5631   0.0146   0.5233
18   0.8148   0.7845   0.482    0.3811   0.5022   0.5215   0.0668   0.9683
19   0.2713   0.9655   0.2414   0.1293   0.4245   0.7985   0.9917   0.4188
20   0.2626   0.4562   0.6342   0.9892   0.985    0.1464   0.978    0.8693

:      9       :=
1    0.1014
2    0.4791
3    0.0673
4    0.1276
5    0.0897
6    0.8203
7    0.44
8    0.0553
9    0.1455
10   0.3635
11   0.2552
12   0.2346
13   0.2668
14   0.3361
15   0.3052
16   0.8568
17   0.3822
18   0.1816
19   0.1589
20   0.1358
;

