set P := 1 2 3 4 5 6 7 8 9 10;

set I := 1 2 3 4 5 6 7 8 9 10 11;

param 
v [*,*] (tr)
:      1        2        3        4        5        6        7        8      :=
1    0.9694   0.9649   0.5557   0.0113   0.8335   0.5451   0.0684   0.4423
2    0.0506   0.6865   0.3486   0.5134   0.619    0.0114   0.4967   0.3187
3    0.3185   0.1782   0.3258   0.0868   0.9204   0.9392   0.9651   0.9123
4    0.5043   0.1259   0.4168   0.8168   0.8213   0.9729   0.2584   0.0821
5    0.1692   0.8394   0.4818   0.1138   0.7553   0.8373   0.0173   0.8372
6    0.0624   0.6407   0.3278   0.6305   0.3526   0.649    0.7191   0.1258
7    0.4044   0.9355   0.7828   0.6023   0.0578   0.8956   0.928    0.672
8    0.0782   0.5911   0.8321   0.3483   0.9495   0.2195   0.5314   0.7172
9    0.5445   0.6155   0.4036   0.2352   0.4885   0.8528   0.9446   0.3705
10   0.7585   0.0983   0.471    0.6574   0.1121   0.9928   0.8377   0.0852
11   0.0532   0.918    0.2195   0.9903   0.4366   0.3757   0.5578   0.1994

:      9        10      :=
1    0.5636   0.8102
2    0.7009   0.0792
3    0.2762   0.9414
4    0.2561   0.7348
5    0.0394   0.8954
6    0.6078   0.3926
7    0.6349   0.1976
8    0.8629   0.5235
9    0.7388   0.1572
10   0.5722   0.6027
11   0.4317   0.6848
;

