set P := 1 2 3 4 5 6 7 8 9 10;

set I := 1 2 3 4 5 6 7 8 9 10 11 12;

param 
v [*,*] (tr)
:      1        2        3        4        5        6        7        8      :=
1    0.8201   0.9113   0.4438   0.2703   0.7567   0.5771   0.9918   0.5875
2    0.7212   0.838    0.6218   0.6023   0.1414   0.2155   0.4236   0.3111
3    0.6877   0.7564   0.9594   0.9548   0.8786   0.2394   0.1826   0.5059
4    0.3903   0.0571   0.8761   0.6859   0.3081   0.0952   0.1097   0.8792
5    0.7687   0.819    0.4022   0.465    0.1317   0.2547   0.0263   0.0617
6    0.2223   0.928    0.3957   0.7978   0.8826   0.4145   0.028    0.0143
7    0.2088   0.5396   0.8537   0.9113   0.9741   0.888    0.9952   0.8641
8    0.3765   0.9916   0.3071   0.7422   0.0782   0.6702   0.6736   0.5849
9    0.6379   0.9247   0.541    0.6386   0.7046   0.9597   0.172    0.2348
10   0.6401   0.9538   0.7523   0.7054   0.9284   0.9258   0.6518   0.8402
11   0.8257   0.1876   0.2795   0.8073   0.1387   0.8496   0.8521   0.6167
12   0.2277   0.1412   0.6668   0.2061   0.7015   0.4631   0.0771   0.3408

:      9        10      :=
1    0.291    0.6321
2    0.1883   0.1289
3    0.4418   0.0049
4    0.8745   0.7922
5    0.0266   0.6243
6    0.3606   0.2706
7    0.7181   0.5458
8    0.6839   0.321
9    0.009    0.3626
10   0.1137   0.9818
11   0.5164   0.0837
12   0.7947   0.9877
;

