set P := 1 2 3 4 5 6 7 8 9 10;

set I := 1 2 3 4 5 6 7 8 9 10 11 12 13;

param 
v [*,*] (tr)
:      1        2        3        4        5        6        7        8      :=
1    0.662    0.2192   0.9024   0.2347   0.1352   0.8725   0.9027   0.0344
2    0.0996   0.5242   0.3882   0.8596   0.5935   0.7785   0.1027   0.2237
3    0.7001   0.7159   0.7157   0.5122   0.6664   0.2003   0.2145   0.7022
4    0.532    0.0911   0.7491   0.9053   0.9972   0.9025   0.3536   0.5797
5    0.5301   0.6065   0.7171   0.0653   0.9098   0.4469   0.4814   0.1326
6    0.8877   0.2762   0.639    0.5555   0.6302   0.514    0.6487   0.7591
7    0.6517   0.34     0.2293   0.5119   0.2957   0.1475   0.7194   0.3766
8    0.2873   0.0425   0.8953   0.5556   0.1346   0.21     0.6485   0.7218
9    0.9622   0.9553   0.7247   0.0943   0.9877   0.4902   0.717    0.9175
10   0.7927   0.7504   0.841    0.4883   0.4785   0.3022   0.2706   0.815
11   0.8491   0.3514   0.0549   0.4959   0.8766   0.5343   0.931    0.2881
12   0.661    0.0417   0.2671   0.2666   0.6462   0.0021   0.3247   0.3461
13   0.4499   0.8223   0.7623   0.131    0.2207   0.9077   0.3935   0.6677

:      9        10      :=
1    0.8622   0.1642
2    0.6126   0.9122
3    0.4772   0.8726
4    0.3217   0.8949
5    0.4813   0.4552
6    0.2472   0.7133
7    0.0551   0.9943
8    0.349    0.0891
9    0.9317   0.3456
10   0.4481   0.4702
11   0.7452   0.4225
12   0.5059   0.8036
13   0.081    0.6208
;

