set P := 1 2 3 4 5 6 7 8 9 10;

set I := 1 2 3 4 5 6 7 8 9 10 11 12 13 14;

param 
v [*,*] (tr)
:      1        2        3        4        5        6        7        8      :=
1    0.3021   0.2846   0.521    0.3723   0.668    0.1      0.2393   0.9
2    0.4348   0.2091   0.8472   0.637    0.0136   0.475    0.8828   0.4268
3    0.1186   0.3297   0.4743   0.676    0.2026   0.1072   0.0294   0.6119
4    0.7074   0.342    0.2875   0.0563   0.1932   0.475    0.4085   0.7145
5    0.1118   0.8075   0.0482   0.4483   0.2661   0.1095   0.7949   0.9917
6    0.0393   0.7744   0.3954   0.8849   0.1346   0.1925   0.212    0.4668
7    0.7537   0.9249   0.8218   0.3828   0.7301   0.5875   0.1186   0.1693
8    0.6814   0.8367   0.0646   0.6068   0.413    0.3356   0.8076   0.2003
9    0.174    0.0228   0.584    0.9754   0.8939   0.0646   0.5903   0.2873
10   0.2121   0.3436   0.0933   0.8267   0.711    0.6507   0.3545   0.6183
11   0.092    0.0349   0.3836   0.702    0.2297   0.534    0.5217   0.5322
12   0.9929   0.5712   0.0157   0.3994   0.584    0.8529   0.2971   0.9034
13   0.674    0.2939   0.7627   0.1281   0.9308   0.1626   0.0477   0.8758
14   0.606    0.9725   0.9765   0.7177   0.1219   0.1284   0.0088   0.8851

:      9        10      :=
1    0.0152   0
2    0.3382   0.3367
3    0.3638   0.441
4    0.0242   0.5337
5    0.2981   0.7606
6    0.171    0.3364
7    0.474    0.5688
8    0.1496   0.0445
9    0.97     0.8256
10   0.161    0.5095
11   0.4275   0.4424
12   0.3067   0.8711
13   0.287    0.9891
14   0.883    0.9652
;

