set P := 1 2 3 4 5 6 7 8 9 10;

set I := 1 2 3 4 5 6 7 8 9 10 11 12 13 14 15;

param 
v [*,*] (tr)
:      1        2        3        4        5        6        7        8      :=
1    0.871    0.0905   0.1803   0.1272   0.5553   0.087    0.9838   0.1468
2    0.4796   0.3367   0.0584   0.8265   0.8488   0.6522   0.4369   0.8395
3    0.6442   0.8086   0.2038   0.3814   0.3475   0.0518   0.6684   0.1059
4    0.5544   0.751    0.2373   0.7606   0.3278   0.1716   0.019    0.7619
5    0.5015   0.3516   0.8834   0.6438   0.7456   0.2686   0.3528   0.5148
6    0.0721   0.7434   0.9573   0.054    0.4769   0.1839   0.1249   0.1055
7    0.7362   0.5672   0.3828   0.1912   0.572    0.4005   0.0746   0.3177
8    0.3487   0.7191   0.7948   0.5937   0.7104   0.2897   0.0402   0.2573
9    0.7172   0.4512   0.5056   0.7937   0.3196   0.6732   0.7551   0.3513
10   0.6959   0.2708   0.7688   0.3088   0.2527   0.6021   0.6898   0.6422
11   0.02     0.7427   0.5651   0.3065   0.1252   0.1519   0.3819   0.8507
12   0.3832   0.9332   0.8705   0.8885   0.9021   0.3759   0.2967   0.8025
13   0.421    0.7016   0.5634   0.4097   0.6641   0.4247   0.4053   0.6333
14   0.2517   0.3046   0.6103   0.5804   0.3577   0.6781   0.4519   0.318
15   0.606    0.9447   0.0635   0.7847   0.1255   0.1611   0.5152   0.8635

:      9        10      :=
1    0.7708   0.77
2    0.0687   0.9826
3    0.7428   0.2274
4    0.6824   0.0041
5    0.3602   0.9966
6    0.0894   0.9645
7    0.6257   0.858
8    0.8074   0.6135
9    0.4582   0.465
10   0.6609   0.4709
11   0.2917   0.9006
12   0.9226   0.2918
13   0.0718   0.5661
14   0.2415   0.8924
15   0.433    0.9587
;

