set P := 1 2 3 4 5 6 7 8 9 10;

set I := 1 2 3 4 5 6 7 8 9 10 11 12 13 14 15 16;

param 
v [*,*] (tr)
:      1        2        3        4        5        6        7        8      :=
1    0.3331   0.9602   0.6235   0.9055   0.7797   0.1806   0.8175   0.7339
2    0.12     0.832    0.2094   0.5794   0.4485   0.0269   0.1168   0.8778
3    0.8697   0.3442   0.0635   0.283    0.1329   0.5935   0.1107   0.3579
4    0.8067   0.4708   0.0998   0.2733   0.0454   0.642    0.1425   0.4235
5    0.9718   0.1383   0.3862   0.1239   0.8114   0.2563   0.5755   0.0882
6    0.0764   0.4738   0.0688   0.86     0.6769   0.8221   0.3043   0.6926
7    0.0243   0.0651   0.0077   0.4694   0.4354   0.633    0.2453   0.1536
8    0.0778   0.7162   0.5831   0.6507   0.5909   0.9134   0.4564   0.5962
9    0.3638   0.5294   0.7668   0.8162   0.3914   0.7748   0.2191   0.1177
10   0.0371   0.7567   0.5641   0.1586   0.7159   0.5004   0.0061   0.4604
11   0.7306   0.5525   0.7641   0.9402   0.9344   0.8918   0.4698   0.2162
12   0.2509   0.0169   0.8549   0.5173   0.0922   0.828    0.7471   0.6727
13   0.501    0.0825   0.2339   0.1007   0.1007   0.6947   0.6909   0.7424
14   0.0505   0.8595   0.7339   0.0197   0.6185   0.7749   0.0346   0.0447
15   0.9851   0.9722   0.4795   0.6748   0.0713   0.0787   0.0481   0.4237
16   0.9071   0.5546   0.6154   0.9738   0.1778   0.5541   0.7303   0.9178

:      9        10      :=
1    0.8862   0.2959
2    0.0829   0.9104
3    0.2776   0.2435
4    0.9189   0.3689
5    0.108    0.0142
6    0.1887   0.6198
7    0.1083   0.5713
8    0.2068   0.4139
9    0.1447   0.9217
10   0.8226   0.6864
11   0.1128   0.8041
12   0.3131   0.809
13   0.0868   0.1853
14   0.5124   0.5122
15   0.9974   0.437
16   0.5056   0.1402
;

