set P := 1 2 3 4 5 6 7 8 9 10;

set I := 1 2 3 4 5 6 7 8 9 10 11 12 13 14 15 16 17;

param 
v [*,*] (tr)
:      1        2        3        4        5        6        7        8      :=
1    0.5482   0.6264   0.5522   0.6314   0.6932   0.4137   0.0593   0.8676
2    0.7517   0.5591   0.6354   0.0929   0.8407   0.5366   0.3847   0.0697
3    0.7196   0.2655   0.2861   0.1078   0.9184   0.1248   0.6673   0.7217
4    0.081    0.779    0.62     0.2716   0.3373   0.0468   0.3646   0.464
5    0.865    0.6358   0.676    0.7422   0.7108   0.8184   0.0226   0.5416
6    0.7253   0.9304   0.7758   0.7637   0.7985   0.768    0.8449   0.8223
7    0.8027   0.8851   0.2955   0.109    0.2757   0.8289   0.2987   0.9101
8    0.9075   0.2776   0.5427   0.8756   0.9446   0.5269   0.7926   0.7051
9    0.9528   0.9233   0.675    0.6575   0.6961   0.382    0.6544   0.4341
10   0.4272   0.8285   0.3874   0.2723   0.7228   0.8029   0.4926   0.0023
11   0.4551   0.0416   0.2706   0.7386   0.6684   0.2892   0.3811   0.3545
12   0.9605   0.7684   0.5266   0.504    0.5589   0.7065   0.7639   0.4548
13   0.6697   0.1461   0.0462   0.9332   0.1331   0.5983   0.3007   0.1954
14   0.9015   0.9772   0.0741   0.2258   0.2513   0.641    0.9745   0.7306
15   0.9142   0.4095   0.8659   0.7946   0.8021   0.8977   0.134    0.2863
16   0.3661   0.0216   0.3129   0.3228   0.7438   0.2233   0.3252   0.8904
17   0.8665   0.4111   0.349    0.377    0.3989   0.6036   0.8766   0.0579

:      9        10      :=
1    0.1558   0.4686
2    0.1121   0.4464
3    0.7895   0.8654
4    0.2461   0.8359
5    0.4456   0.5858
6    0.1322   0.5028
7    0.3832   0.4658
8    0.3855   0.4133
9    0.5273   0.0292
10   0.219    0.9069
11   0.4935   0.7115
12   0.9015   0.1477
13   0.9881   0.2989
14   0.7079   0.0893
15   0.6071   0.8053
16   0.493    0.4035
17   0.2726   0.1182
;

