set P := 1 2 3 4 5 6 7 8 9 10;

set I := 1 2 3 4 5 6 7 8 9 10 11 12 13 14 15 16 17 18;

param 
v [*,*] (tr)
:      1        2        3        4        5        6        7        8      :=
1    0.2513   0.3168   0.6685   0.9742   0.3195   0.1956   0.1913   0.0678
2    0.7496   0.0399   0.3453   0.205    0.1884   0.3219   0.3442   0.5438
3    0.1126   0.2269   0.9468   0.5209   0.7001   0.6379   0.1098   0.1499
4    0.4464   0.1495   0.718    0.2739   0.3947   0.2785   0.2529   0.6129
5    0.9827   0.6544   0.7229   0.4006   0.6981   0.5968   0.9781   0.2161
6    0.3379   0.1259   0.0129   0.2004   0.5603   0.6696   0.205    0.0065
7    0.5717   0.2489   0.1852   0.2193   0.5983   0.5005   0.8932   0.4879
8    0.3334   0.7225   0.3731   0.712    0.1264   0.2746   0.5043   0.7289
9    0.4001   0.0352   0.884    0.1113   0.3997   0.7145   0.9501   0.2044
10   0.2096   0.0747   0.6763   0.9224   0.2089   0.741    0.0748   0.3822
11   0.1806   0.9502   0.4858   0.9341   0.4199   0.3678   0.2722   0.7703
12   0.673    0.6123   0.3326   0.4093   0.2411   0.9319   0.0192   0.9806
13   0.9198   0.0582   0.5927   0.6212   0.6418   0.7981   0.9419   0.2972
14   0.3835   0.663    0.588    0.6832   0.7113   0.0353   0.6041   0.647
15   0.0682   0.4391   0.376    0.4149   0.0106   0.4626   0.9126   0.4269
16   0.5177   0.9276   0.6643   0.6228   0.1203   0.6913   0.8347   0.7552
17   0.0653   0.7822   0.1241   0.0575   0.4576   0.4977   0.6781   0.3414
18   0.278    0.7673   0.5121   0.0356   0.3194   0.896    0.3536   0.817

:      9        10      :=
1    0.7839   0.4722
2    0.6481   0.9401
3    0.3466   0.8998
4    0.0494   0.1358
5    0.2613   0.4461
6    0.5786   0.6055
7    0.715    0.681
8    0.5225   0.3711
9    0.0047   0.2267
10   0.0755   0.8705
11   0.3577   0.6289
12   0.4398   0.6
13   0.1449   0.788
14   0.4274   0.5178
15   0.5399   0.7863
16   0.4942   0.3663
17   0.0162   0.4141
18   0.8529   0.9
;

