set P := 1 2 3 4 5 6 7 8 9 10;

set I := 1 2 3 4 5 6 7 8 9 10 11 12 13 14 15 16 17 18 19;

param 
v [*,*] (tr)
:      1        2        3        4        5        6        7        8      :=
1    0.1426   0.7178   0.0444   0.5594   0.2137   0.627    0.0901   0.659
2    0.464    0.8217   0.9093   0.0397   0.2004   0.9897   0.6258   0.9741
3    0.9236   0.441    0.3587   0.5311   0.871    0.6104   0.6598   0.5706
4    0.2761   0.1802   0.7316   0.0842   0.5438   0.0718   0.0614   0.2686
5    0.2955   0.0249   0.3348   0.4941   0.2587   0.1139   0.8659   0.1904
6    0.2909   0.7173   0.7444   0.3644   0.9122   0.6068   0.7651   0.1127
7    0.125    0.1899   0.7109   0.6479   0.3073   0.8484   0.2555   0.3717
8    0.2123   0.7179   0.8124   0.6238   0.9875   0.3252   0.7678   0.1501
9    0.0376   0.1085   0.1636   0.1308   0.2127   0.5226   0.1907   0.4431
10   0.7444   0.3115   0.0018   0.5773   0.2841   0.4726   0.8042   0.0369
11   0.6189   0.7563   0.881    0.9983   0.3958   0.0507   0.9957   0.684
12   0.9856   0.7436   0.958    0.0472   0.4216   0.1044   0.2758   0.9785
13   0.9253   0.3471   0.4888   0.3039   0.2042   0.0637   0.8584   0.4735
14   0.4809   0.1961   0.861    0.9853   0.3882   0.1859   0.1011   0.0337
15   0.054    0.9827   0.6028   0.6878   0.0929   0.4339   0.007    0.2385
16   0.3732   0.9335   0.1113   0.6753   0.5287   0.8905   0.104    0.5442
17   0.6765   0.2956   0.5974   0.2834   0.7946   0.6562   0.5321   0.0614
18   0.391    0.6654   0.7316   0.3254   0.8549   0.5513   0.732    0.9978
19   0.0335   0.8113   0.7889   0.0408   0.9482   0.4081   0.5904   0.4373

:      9        10      :=
1    0.9764   0.1045
2    0.0937   0.2033
3    0.7337   0.7464
4    0.2259   0.9625
5    0.5836   0.3681
6    0.8597   0.8771
7    0.2385   0.5124
8    0.0006   0.8838
9    0.9812   0.3087
10   0.468    0.1599
11   0.6128   0.6619
12   0.4666   0.3756
13   0.6377   0.8302
14   0.691    0.7588
15   0.1094   0.1076
16   0.9624   0.6805
17   0.7392   0.7009
18   0.9881   0.9017
19   0.0754   0.7152
;

