set P := 1 2 3 4 5 6 7 8 9 10;

set I := 1 2 3 4 5 6 7 8 9 10 11 12 13 14 15 16 17 18 19 20;

param 
v [*,*] (tr)
:      1        2        3        4        5        6        7        8      :=
1    0.7637   0.3484   0.0357   0.3274   0.4677   0.4813   0.8528   0.7638
2    0.2486   0.1063   0.8      0.0667   0.3341   0.7106   0.4327   0.0594
3    0.0554   0.5899   0.5666   0.9199   0.1773   0.2072   0.4937   0.9
4    0.7732   0.2221   0.8183   0.9437   0.0756   0.6531   0.6858   0.5603
5    0.6258   0.0921   0.2023   0.3748   0.8872   0.5499   0.3229   0.3835
6    0.8471   0.0872   0.0912   0.0707   0.6679   0.7762   0.5037   0.5297
7    0.8489   0.5454   0.3938   0.7885   0.2913   0.0021   0.4523   0.9782
8    0.4521   0.4724   0.6103   0.8969   0.9953   0.5762   0.4135   0.129
9    0.7561   0.6821   0.9918   0.8198   0.6905   0.6076   0.8919   0.992
10   0.2187   0.428    0.3052   0.4163   0.6573   0.0327   0.9265   0.9445
11   0.3839   0.8842   0.754    0.7137   0.6008   0.8555   0.0953   0.3981
12   0.219    0.737    0.5266   0.1352   0.5346   0.5531   0.9203   0.82
13   0.5765   0.0304   0.5122   0.4449   0.0235   0.9791   0.7003   0.9585
14   0.8051   0.5935   0.533    0.5388   0.5749   0.0514   0.1038   0.3731
15   0.1205   0.876    0.0812   0.412    0.8082   0.9152   0.8431   0.1897
16   0.4875   0.1376   0.9091   0.9568   0.4061   0.3242   0.8979   0.9536
17   0.2825   0.0405   0.1935   0.9484   0.8123   0.8599   0.7752   0.3661
18   0.6304   0.9227   0.3271   0.0007   0.8461   0.098    0.0041   0.3167
19   0.6756   0.3727   0.2946   0.1781   0.7277   0.6801   0.9417   0.9685
20   0.3902   0.9892   0.7164   0.6202   0.5042   0.4422   0.1044   0.8389

:      9        10      :=
1    0.2387   0.7496
2    0.7631   0.4251
3    0.4758   0.3656
4    0.2151   0.1718
5    0.9884   0.7565
6    0.5763   0.0584
7    0.1854   0.1717
8    0.9505   0.9022
9    0.947    0.0948
10   0.4525   0.7015
11   0.4323   0.2182
12   0.9826   0.8613
13   0.2228   0.6633
14   0.7577   0.7999
15   0.4771   0.1599
16   0.4279   0.3628
17   0.0004   0.209
18   0.4128   0.3573
19   0.9398   0.3356
20   0.2848   0.6546
;

