set P := 1 2 3 4 5 6 7 8 9 10 11;

set I := 1 2 3 4 5 6 7 8 9 10;

param 
v [*,*]
:      1        2        3        4        5        6        7        8      :=
1    0.0285   0.9884   0.3637   0.3947   0.1054   0.6922   0.1911   0.273
2    0.075    0.813    0.3473   0.3473   0.7116   0.1444   0.0942   0.5209
3    0.0756   0.1307   0.474    0.9759   0.8087   0.5649   0.7081   0.3651
4    0.0612   0.8826   0.295    0.3383   0.0261   0.0753   0.1595   0.3154
5    0.5825   0.4069   0.0239   0.1927   0.0015   0.8849   0.9861   0.9737
6    0.6276   0.42     0.8494   0.2763   0.2683   0.8275   0.0519   0.8945
7    0.8588   0.7553   0.6418   0.1471   0.5922   0.2849   0.0271   0.7506
8    0.3964   0.0805   0.5933   0.3924   0.5831   0.2891   0.7698   0.5647
9    0.3417   0.8927   0.5945   0.483    0.5824   0.9366   0.5139   0.3693
10   0.6669   0.4345   0.1621   0.5602   0.907    0.3279   0.457    0.893
11   0.518    0.4112   0.8442   0.3142   0.9158   0.6429   0.3501   0.3955

:      9        10      :=
1    0.8762   0.716
2    0.5563   0.4742
3    0.5772   0.5476
4    0.9863   0.6573
5    0.3617   0.0378
6    0.8108   0.2874
7    0.6938   0.3749
8    0.1299   0.709
9    0.4548   0.4243
10   0.0283   0.3774
11   0.2592   0.8369
;

