set P := 1 2 3 4 5 6 7 8 9 10 11;

set I := 1 2 3 4 5 6 7 8 9 10 11;

param 
v [*,*]
:      1        2        3        4        5        6        7        8      :=
1    0.6884   0.7247   0.9279   0.1079   0.8631   0.4126   0.9921   0.3408
2    0.9764   0.3618   0.3466   0.2783   0.0455   0.603    0.225    0.0355
3    0.5988   0.8374   0.5278   0.397    0.1096   0.5415   0.506    0.3596
4    0.4538   0.2714   0.3723   0.7187   0.6751   0.8971   0.1189   0.83
5    0.111    0.3667   0.862    0.216    0.1514   0.2066   0.9757   0.6416
6    0.503    0.6989   0.7741   0.9888   0.2584   0.1171   0.3264   0.8675
7    0.2665   0.2785   0.5105   0.8753   0.5519   0.9612   0.1224   0.6114
8    0.8092   0.8283   0.997    0.0904   0.1865   0.7566   0.628    0.4959
9    0.015    0.7742   0.2733   0.552    0.5476   0.7051   0.1975   0.5034
10   0.6326   0.4931   0.2581   0.9575   0.5039   0.7231   0.2737   0.5185
11   0.7149   0.3479   0.288    0.6403   0.4733   0.7588   0.255    0.5236

:      9        10       11      :=
1    0.7842   0.9648   0.8395
2    0.8621   0.0255   0.9438
3    0.1846   0.362    0.697
4    0.3098   0.5955   0.1013
5    0.4321   0.6367   0.4652
6    0.9477   0.1261   0.8679
7    0.189    0.9877   0.2433
8    0.9541   0.7305   0.2394
9    0.9766   0.6541   0.984
10   0.0705   0.1934   0.1194
11   0.5977   0.3294   0.0691
;

