set P := 1 2 3 4 5 6 7 8 9 10 11;

set I := 1 2 3 4 5 6 7 8 9 10 11 12 13;

param 
v [*,*] (tr)
:      1        2        3        4        5        6        7        8      :=
1    0.1656   0.9312   0.5823   0.4321   0.1938   0.922    0.9139   0.8016
2    0.2388   0.712    0.3952   0.8833   0.2045   0.5407   0.3934   0.7905
3    0.9713   0.9887   0.7431   0.1054   0.6962   0.0474   0.5751   0.4949
4    0.2115   0.5765   0.1375   0.2568   0.7874   0.9248   0.7016   0.9368
5    0.0462   0.1753   0.7634   0.5693   0.7355   0.4186   0.1223   0.5761
6    0.1237   0.5087   0.9332   0.2912   0.712    0.2676   0.8899   0.7407
7    0.6202   0.8069   0.4422   0.9169   0.1887   0.9893   0.2286   0.9798
8    0.1151   0.2343   0.9142   0.1053   0.4444   0.6554   0.5631   0.7832
9    0.9229   0.3573   0.9624   0.2184   0.506    0.9931   0.4564   0.8881
10   0.8289   0.7253   0.4454   0.5286   0.4512   0.8178   0.8874   0.8964
11   0.8659   0.8696   0.421    0.7663   0.6733   0.2378   0.9996   0.9193
12   0.796    0.3866   0.8191   0.8597   0.599    0.3007   0.0661   0.7079
13   0.992    0.4805   0.2908   0.5184   0.7667   0.6007   0.4147   0.7022

:      9        10       11      :=
1    0.9422   0.7178   0.7196
2    0.9922   0.3356   0.3738
3    0.7213   0.6822   0.6545
4    0.6105   0.7087   0.8897
5    0.3579   0.1357   0.4709
6    0.3068   0.7431   0.4308
7    0.8278   0.4243   0.201
8    0.8604   0.6516   0.019
9    0.0196   0.8131   0.1944
10   0.9894   0.8958   0.4359
11   0.4874   0.6087   0.6351
12   0.511    0.9557   0.7818
13   0.1408   0.3794   0.4834
;

