set P := 1 2 3 4 5 6 7 8 9 10 11;

set I := 1 2 3 4 5 6 7 8 9 10 11 12 13 14;

param 
v [*,*] (tr)
:      1        2        3        4        5        6        7        8      :=
1    0.8164   0.5425   0.4915   0.6678   0.3232   0.3756   0.8764   0.7667
2    0.1449   0.5301   0.3714   0.1074   0.8827   0.2049   0.4194   0.0422
3    0.9439   0.9086   0.0428   0.7266   0.621    0.1274   0.582    0.4668
4    0.198    0.2376   0.3392   0.54     0.1229   0.8493   0.8997   0.5141
5    0.0147   0.766    0.8938   0.1826   0.388    0.6115   0.286    0.4519
6    0.4715   0.8651   0.3899   0.5245   0.279    0.5921   0.093    0.9316
7    0.5547   0.7866   0.5186   0.7755   0.3205   0.3684   0.8422   0.6293
8    0.6122   0.7362   0.7225   0.9202   0.1195   0.1323   0.1931   0.8974
9    0.4674   0.2917   0.4013   0.3325   0.5931   0.6457   0.2591   0.3344
10   0.6809   0.3713   0.5394   0.4388   0.3014   0.0506   0.7382   0.7348
11   0.0706   0.2158   0.2351   0.6185   0.9911   0.8168   0.9276   0.0629
12   0.6449   0.2013   0.5119   0.0917   0.7389   0.5714   0.1185   0.5187
13   0.0859   0.4411   0.5916   0.9101   0.7088   0.2517   0.2716   0.0246
14   0.2624   0.2836   0.5288   0.9303   0.9947   0.8553   0.0562   0.6693

:      9        10       11      :=
1    0.6639   0.3646   0.8828
2    0.8202   0.6355   0.6426
3    0.4116   0.0258   0.5139
4    0.9278   0.0359   0.4212
5    0.8934   0.2394   0.054
6    0.2443   0.1397   0.2896
7    0.0193   0.3927   0.2724
8    0.2086   0.5432   0.7104
9    0.4983   0.2797   0.298
10   0.6163   0.759    0.9517
11   0.1071   0.9139   0.9697
12   0.9243   0.335    0.6892
13   0.1632   0.6328   0.6412
14   0.1874   0.4657   0.9278
;

