set P := 1 2 3 4 5 6 7 8 9 10 11;

set I := 1 2 3 4 5 6 7 8 9 10 11 12 13 14 15;

param 
v [*,*] (tr)
:      1        2        3        4        5        6        7        8      :=
1    0.4765   0.5873   0.5481   0.6695   0.4422   0.8721   0.3125   0.4587
2    0.6727   0.6166   0.4286   0.7425   0.8769   0.4084   0.3305   0.3731
3    0.5919   0.1054   0.9123   0.541    0.3785   0.8055   0.164    0.0411
4    0.1004   0.4106   0.1297   0.1595   0.5884   0.8573   0.731    0.7331
5    0.8206   0.9347   0.6653   0.1315   0.9159   0.2154   0.5255   0.0136
6    0.5197   0.3758   0.2651   0.7403   0.1099   0.9604   0.6578   0.9243
7    0.2306   0.5911   0.4703   0.9486   0.6059   0.6209   0.7127   0.1959
8    0.5659   0.0162   0.2371   0.1955   0.2735   0.8414   0.6708   0.7338
9    0.0142   0.7416   0.4255   0.5119   0.0795   0.5806   0.9562   0.92
10   0.0436   0.0659   0.4229   0.5937   0.3213   0.6768   0.5177   0.3824
11   0.5113   0.4076   0.6998   0.2592   0.314    0.8997   0.4926   0.9095
12   0.9815   0.2366   0.1352   0.3546   0.1995   0.4226   0.1289   0.8488
13   0.2665   0.5645   0.0699   0.4482   0.2702   0.1726   0.7547   0.4163
14   0.0218   0.0218   0.7043   0.3686   0.0273   0.4916   0.5886   0.3816
15   0.3077   0.5198   0.6498   0.3714   0.3107   0.6525   0.5929   0.7514

:      9        10       11      :=
1    0.574    0.7849   0.767
2    0.6113   0.0104   0.5286
3    0.7301   0.383    0.2541
4    0.8803   0.851    0.8458
5    0.8107   0.1048   0.081
6    0.6676   0.7146   0.6115
7    0.5101   0.5102   0.7228
8    0.0615   0.7402   0.2662
9    0.594    0.1847   0.9616
10   0.0645   0.4711   0.8827
11   0.175    0.8492   0.021
12   0.0059   0.4158   0.1523
13   0.1316   0.4176   0.9479
14   0.6603   0.188    0.5266
15   0.8448   0.1849   0.6414
;

