set P := 1 2 3 4 5 6 7 8 9 10 11;

set I := 1 2 3 4 5 6 7 8 9 10 11 12 13 14 15 16;

param 
v [*,*] (tr)
:      1        2        3        4        5        6        7        8      :=
1    0.9669   0.3485   0.462    0.3541   0.58     0.0509   0.6777   0.3922
2    0.4343   0.7085   0.9504   0.6338   0.1552   0.0483   0.5959   0.4455
3    0.8187   0.1324   0.0985   0.1447   0.3814   0.57     0.2937   0.3456
4    0.2382   0.7766   0.468    0.9461   0.6975   0.1795   0.4715   0.3865
5    0.4592   0.2955   0.7351   0.6672   0.1168   0.429    0.987    0.0355
6    0.843    0.3134   0.9559   0.2905   0.3538   0.6553   0.5351   0.0243
7    0.4205   0.9462   0.2111   0.0677   0.3771   0.2329   0.2665   0.2333
8    0.1594   0.5664   0.8714   0.3382   0.2064   0.6106   0.6177   0.8415
9    0.5234   0.7994   0.5094   0.409    0.4244   0.1664   0.7692   0.0062
10   0.6355   0.7266   0.9843   0.0865   0.008    0.5452   0.2288   0.4387
11   0.9813   0.6764   0.067    0.5953   0.8729   0.6883   0.6194   0.4876
12   0.5927   0.2192   0.3725   0.8776   0.3229   0.2806   0.3078   0.0642
13   0.2977   0.006    0.6017   0.8389   0.558    0.4073   0.4104   0.2204
14   0.88     0.1106   0.5251   0.151    0.223    0.4341   0.5495   0.8079
15   0.9229   0.2036   0.0814   0.0472   0.3113   0.3242   0.8194   0.7701
16   0.4624   0.6473   0.5193   0.6792   0.0429   0.8165   0.8149   0.5825

:      9        10       11      :=
1    0.7021   0.561    0.8035
2    0.1866   0.4752   0.861
3    0.7932   0.9465   0.6158
4    0.5289   0.7755   0.4723
5    0.2814   0.289    0.2388
6    0.6732   0.7105   0.8621
7    0.4822   0.1631   0.7753
8    0.8605   0.4427   0.7347
9    0.8496   0.2792   0.4689
10   0.4597   0.0475   0.9358
11   0.7899   0.5098   0.8983
12   0.2533   0.6103   0.8421
13   0.9819   0.5945   0.5334
14   0.1803   0.0658   0.0676
15   0.4981   0.6839   0.7848
16   0.9988   0.8922   0.1372
;

