set P := 1 2 3 4 5 6 7 8 9 10 11;

set I := 1 2 3 4 5 6 7 8 9 10 11 12 13 14 15 16 17;

param 
v [*,*] (tr)
:      1        2        3        4        5        6        7        8      :=
1    0.7484   0.3929   0.0179   0.2629   0.3302   0.2189   0.7808   0.6349
2    0.8306   0.254    0.189    0.6112   0.6866   0.7692   0.8979   0.9593
3    0.3377   0.7263   0.8374   0.8726   0.2453   0.6156   0.8368   0.464
4    0.3736   0.3474   0.7902   0.1564   0.7006   0.4637   0.7699   0.1826
5    0.2013   0.2006   0.9162   0.4811   0.5277   0.7034   0.4211   0.4305
6    0.1138   0.7867   0.2605   0.2912   0.9239   0.684    0.0649   0.0584
7    0.6417   0.2257   0.7246   0.8959   0.1825   0.0871   0.9685   0.4842
8    0.2576   0.8178   0.6305   0.9684   0.3261   0.7665   0.6523   0.1367
9    0.904    0.9545   0.2169   0.2003   0.5187   0.6767   0.4748   0.4293
10   0.5113   0.0949   0.0909   0.2186   0.9408   0.3057   0.055    0.063
11   0.0225   0.43     0.4088   0.4237   0.4327   0.6475   0.7989   0.8295
12   0.4778   0.5932   0.8185   0.3338   0.5161   0.5183   0.2215   0.606
13   0.2672   0.0493   0.289    0.5154   0.7306   0.5796   0.1549   0.976
14   0.6316   0.1193   0.5598   0.7047   0.658    0.2306   0.4736   0.8827
15   0.277    0.2315   0.379    0.8235   0.0368   0.1476   0.3929   0.1645
16   0.8502   0.6122   0.0385   0.8455   0.1329   0.8063   0.2614   0.936
17   0.8885   0.9142   0.8247   0.5482   0.1878   0.4576   0.8955   0.1188

:      9        10       11      :=
1    0.2839   0.0038   0.9238
2    0.8406   0.6541   0.2809
3    0.5502   0.2168   0.2776
4    0.2037   0.5606   0.907
5    0.7836   0.1734   0.9126
6    0.8037   0.5723   0.3173
7    0.62     0.0584   0.2645
8    0.5004   0.8379   0.7693
9    0.0053   0.4912   0.8721
10   0.3438   0.9314   0.7258
11   0.9299   0.8956   0.992
12   0.5382   0.6019   0.6242
13   0.9291   0.1234   0.3207
14   0.4264   0.1212   0.9335
15   0.5306   0.868    0.0097
16   0.3766   0.4169   0.6777
17   0.593    0.2007   0.3608
;

