set P := 1 2 3 4 5 6 7 8 9 10 11;

set I := 1 2 3 4 5 6 7 8 9 10 11 12 13 14 15 16 17 18;

param 
v [*,*] (tr)
:      1        2        3        4        5        6        7        8      :=
1    0.3833   0.1592   0.3254   0.5277   0.4037   0.5736   0.01     0.177
2    0.1662   0.777    0.8407   0.2511   0.5676   0.6783   0.1871   0.1502
3    0.1148   0.3683   0.2093   0.5577   0.2441   0.2517   0.3163   0.1521
4    0.0964   0.6858   0.719    0.3614   0.3343   0.9588   0.4542   0.2743
5    0.4992   0.3611   0.623    0.0843   0.0738   0.5149   0.3107   0.9862
6    0.6209   0.8631   0.6618   0.1832   0.4637   0.5495   0.4736   0.5231
7    0.9426   0.4018   0.385    0.773    0.3966   0.2545   0.6961   0.4799
8    0.9633   0.4402   0.8261   0.3322   0.622    0.2521   0.7274   0.6436
9    0.5878   0.3849   0.7871   0.5032   0.1201   0.2385   0.3421   0.9605
10   0.3176   0.7195   0.5966   0.6402   0.4594   0.6376   0.773    0.8508
11   0.4442   0.6173   0.9354   0.3474   0.011    0.5721   0.8432   0.3688
12   0.1998   0.3024   0.5219   0.4455   0.4805   0.7618   0.9979   0.7636
13   0.2063   0.1819   0.2236   0.9899   0.0392   0.068    0.1152   0.6075
14   0.6029   0.9066   0.3809   0.4029   0.9504   0.2561   0.3277   0.2408
15   0.4211   0.0151   0.7335   0.3101   0.3652   0.4576   0.2991   0.8382
16   0.0224   0.8934   0.9453   0.6539   0.8601   0.8293   0.082    0.1135
17   0.7128   0.2431   0.5871   0.8827   0.3567   0.608    0.1536   0.6847
18   0.7737   0.6053   0.2653   0.5851   0.606    0.8343   0.8939   0.1085

:      9        10       11      :=
1    0.9668   0.0208   0.6979
2    0.24     0.5924   0.2025
3    0.9221   0.0414   0.4882
4    0.6728   0.8474   0.0368
5    0.2896   0.1521   0.6532
6    0.7409   0.144    0.9399
7    0.485    0.2911   0.1776
8    0.964    0.4589   0.4645
9    0.5776   0.2034   0.6854
10   0.7329   0.4423   0.5194
11   0.5276   0.3983   0.4849
12   0.0795   0.8037   0.6674
13   0.3549   0.3931   0.1133
14   0.1704   0.2665   0.3726
15   0.4549   0.2877   0.0751
16   0.3472   0.0025   0.5324
17   0.0461   0.6887   0.4186
18   0.4042   0.1824   0.2479
;

