set P := 1 2 3 4 5 6 7 8 9 10 11;

set I := 1 2 3 4 5 6 7 8 9 10 11 12 13 14 15 16 17 18 19;

param 
v [*,*] (tr)
:      1        2        3        4        5        6        7        8      :=
1    0.0084   0.9974   0.4989   0.3411   0.6432   0.9341   0.9641   0.7119
2    0.8156   0.6474   0.7813   0.0531   0.1521   0.643    0.1636   0.8865
3    0.8092   0.119    0.5885   0.055    0.2174   0.6352   0.0861   0.9456
4    0.0213   0.922    0.8114   0.7572   0.7239   0.0165   0.8591   0.0384
5    0.3821   0.729    0.4928   0.4194   0.8011   0.0625   0.1804   0.421
6    0.0014   0.7148   0.2722   0.8232   0.9528   0.8523   0.9579   0.4367
7    0.7199   0.7818   0.8091   0.8827   0.9826   0.6021   0.1423   0.6004
8    0.8851   0.1731   0.2778   0.1386   0.1753   0.1173   0.1159   0.4451
9    0.838    0.6398   0.5716   0.0273   0.4607   0.1266   0.5835   0.8974
10   0.9488   0.5392   0.8875   0.151    0.4491   0.8874   0.0854   0.9169
11   0.4431   0.6003   0.8981   0.5004   0.1003   0.5454   0.2397   0.0606
12   0.1897   0.8182   0.7819   0.9824   0.7234   0.8578   0.9875   0.4628
13   0.0707   0.0233   0.9067   0.6173   0.5805   0.3198   0.151    0.5
14   0.4114   0.6186   0.8339   0.8593   0.8763   0.4901   0.9472   0.5134
15   0.1638   0.7073   0.7163   0.3275   0.8537   0.0056   0.8922   0.4001
16   0.331    0.3661   0.5217   0.5465   0.757    0.1824   0.6146   0.4686
17   0.6661   0.0881   0.6091   0.6681   0.8677   0.3953   0.4909   0.3043
18   0.7707   0.862    0.5759   0.335    0.2337   0.8025   0.9066   0.3671
19   0.521    0.0314   0.9232   0.1029   0.3129   0.769    0.9036   0.6099

:      9        10       11      :=
1    0.4051   0.2695   0.9234
2    0.0125   0.4666   0.4588
3    0.8053   0.8736   0.1138
4    0.9556   0.3733   0.4677
5    0.2778   0.1415   0.8813
6    0.6824   0.5492   0.5052
7    0.4244   0.1098   0.9417
8    0.2633   0.2556   0.8465
9    0.88     0.955    0.2901
10   0.3846   0.6328   0.571
11   0.8148   0.9239   0.6866
12   0.1392   0.3223   0.7431
13   0.2389   0.868    0.64
14   0.0731   0.8738   0.4368
15   0.2528   0.6366   0.6559
16   0.4596   0.191    0.2241
17   0.4967   0.0144   0.002
18   0.2674   0.3313   0.6011
19   0.6147   0.6998   0.6103
;

