set P := 1 2 3 4 5 6 7 8 9 10 11;

set I := 1 2 3 4 5 6 7 8 9 10 11 12 13 14 15 16 17 18 19 20;

param 
v [*,*] (tr)
:      1        2        3        4        5        6        7        8      :=
1    0.7618   0.0689   0.7668   0.4315   0.3747   0.0014   0.7104   0.8044
2    0.5026   0.0101   0.8369   0.2464   0.9437   0.3871   0.2587   0.9321
3    0.8973   0.3922   0.1343   0.6477   0.1102   0.4979   0.0524   0.5603
4    0.197    0.9523   0.7137   0.0657   0.9679   0.6162   0.4875   0.4538
5    0.9847   0.0924   0.6998   0.067    0.4959   0.6073   0.3408   0.6696
6    0.313    0.0161   0.6215   0.8532   0.0369   0.3353   0.8305   0.2531
7    0.9932   0.8888   0.9181   0.4929   0.0167   0.213    0.1478   0.2639
8    0.1061   0.4377   0.7685   0.1707   0.2302   0.5259   0.1874   0.6837
9    0.0139   0.7434   0.3007   0.9828   0.7142   0.6257   0.4888   0.6988
10   0.5214   0.2159   0.4932   0.9245   0.7408   0.5485   0.3945   0.0965
11   0.5632   0.895    0.7396   0.9908   0.9966   0.3733   0.9524   0.3228
12   0.5721   0.3775   0.8401   0.6143   0.2483   0.0007   0.3174   0.9313
13   0.0324   0.9824   0.8364   0.4528   0.1704   0.9122   0.9933   0.1425
14   0.3778   0.6881   0.2538   0.6035   0.9908   0.3039   0.5345   0.3046
15   0.5666   0.5667   0.8084   0.4759   0.8522   0.7553   0.0271   0.5149
16   0.0627   0.5787   0.8124   0.1638   0.1834   0.4859   0.7266   0.8543
17   0.9577   0.2383   0.2131   0.3645   0.0207   0.5505   0.5722   0.1956
18   0.5876   0.0164   0.9355   0.1225   0.6246   0.5778   0.5656   0.885
19   0.5832   0.5851   0.4131   0.5849   0.3964   0.0092   0.2615   0.2223
20   0.0353   0.7166   0.4471   0.9435   0.4462   0.9599   0.3383   0.6187

:      9        10       11      :=
1    0.6131   0.1388   0.6319
2    0.8085   0.3615   0.8027
3    0.4057   0.6296   0.6487
4    0.7677   0.0417   0.1782
5    0.8696   0.3135   0.6223
6    0.6595   0.1065   0.9133
7    0.3451   0.7539   0.649
8    0.2021   0.4927   0.7217
9    0.5051   0.9525   0.2371
10   0.5533   0.3641   0.8754
11   0.6209   0.389    0.4062
12   0.7505   0.0055   0.2908
13   0.5254   0.0119   0.0873
14   0.4521   0.1534   0.9715
15   0.7935   0.4222   0.1027
16   0.5942   0.1134   0.4194
17   0.4667   0.2159   0.44
18   0.7779   0.7169   0.0478
19   0.4614   0.463    0.1395
20   0.317    0.0305   0.1705
;

