set P := 1 2 3 4 5 6 7 8 9 10 11 12;

set I := 1 2 3 4 5 6 7 8 9 10 11 12;

param 
v [*,*]
:      1        2        3        4        5        6        7        8      :=
1    0.8405   0.2198   0.8218   0.664    0.3608   0.803    0.9713   0.5101
2    0.2779   0.911    0.123    0.6229   0.8021   0.6526   0.4926   0.0871
3    0.8653   0.4014   0.3408   0.7014   0.8154   0.4678   0.3289   0.2917
4    0.4236   0.0003   0.8027   0.5057   0.1338   0.5299   0.1969   0.5042
5    0.2931   0.5615   0.2369   0.1733   0.1766   0.9489   0.9897   0.32
6    0.3607   0.7604   0.8914   0.5019   0.8912   0.7978   0.5935   0.8351
7    0.3418   0.2059   0.5111   0.2213   0.3982   0.0382   0.2836   0.4329
8    0.9058   0.8141   0.507    0.1139   0.1722   0.8573   0.3618   0.4167
9    0.0708   0.9298   0.8327   0.9294   0.6703   0.0996   0.7207   0.1179
10   0.4116   0.5588   0.0236   0.7678   0.7597   0.4065   0.1026   0.487
11   0.7305   0.9974   0.9373   0.5274   0.81     0.2003   0.3106   0.3373
12   0.8123   0.5156   0.5452   0.267    0.2872   0.0282   0.4366   0.8173

:      9        10       11       12      :=
1    0.9099   0.9356   0.3513   0.4793
2    0.6591   0.9626   0.6535   0.5931
3    0.7322   0.4352   0.0835   0.9002
4    0.0174   0.0698   0.9752   0.0579
5    0.1382   0.8143   0.8429   0.5705
6    0.0332   0.6089   0.9507   0.6183
7    0.3331   0.7365   0.7147   0.2817
8    0.2139   0.4869   0.2464   0.4371
9    0.5992   0.5708   0.3912   0.2378
10   0.5882   0.4041   0.0828   0.8959
11   0.078    0.8389   0.6125   0.5394
12   0.6926   0.1981   0.4735   0.181
;

