set P := 1 2 3 4 5 6 7 8 9 10 11 12;

set I := 1 2 3 4 5 6 7 8 9 10 11 12 13 14 15 16;

param 
v [*,*] (tr)
:      1        2        3        4        5        6        7        8      :=
1    0.3688   0.0687   0.3531   0.7786   0.9549   0.9376   0.0664   0.9792
2    0.6534   0.2335   0.1163   0.4997   0.4274   0.0471   0.6861   0.3557
3    0.2134   0.1959   0.194    0.5933   0.6938   0.792    0.7806   0.4872
4    0.6085   0.079    0.1399   0.1416   0.8111   0.823    0.4412   0.1318
5    0.5688   0.4993   0.6247   0.1263   0.4728   0.6694   0.5973   0.0803
6    0.3681   0.4167   0.8977   0.285    0.655    0.5377   0.3564   0.8945
7    0.0145   0.9626   0.9374   0.3185   0.2138   0.4348   0.799    0.3629
8    0.3955   0.5007   0.5933   0.3726   0.0448   0.399    0.1569   0.8927
9    0.229    0.2484   0.2285   0.8215   0.6001   0.6864   0.5503   0.0454
10   0.3768   0.2722   0.5541   0.1128   0.555    0.1496   0.3736   0.1862
11   0.3494   0.3377   0.5159   0.8254   0.291    0.2351   0.1029   0.3315
12   0.7109   0.6781   0.5365   0.3686   0.2835   0.7022   0.5559   0.5888
13   0.8514   0.9441   0.7426   0.3635   0.6873   0.9209   0.7128   0.8454
14   0.8951   0.495    0.4673   0.7929   0.3456   0.169    0.3941   0.5116
15   0.1506   0.4852   0.2113   0.3242   0.5525   0.1484   0.4258   0.7761
16   0.4049   0.6823   0.4539   0.497    0.6198   0.4118   0.9306   0.3909

:      9        10       11       12      :=
1    0.9271   0.1337   0.2001   0.299
2    0.8783   0.9487   0.5963   0.0782
3    0.2949   0.6006   0.406    0.6821
4    0.1887   0.9838   0.2152   0.8209
5    0.2318   0.6457   0.8418   0.8722
6    0.1676   0.7565   0.1902   0.8541
7    0.0592   0.4427   0.3766   0.5191
8    0.0566   0.3219   0.5031   0.5807
9    0.3082   0.717    0.7018   0.8855
10   0.3967   0.4857   0.309    0.4455
11   0.4106   0.0898   0.9024   0.4913
12   0.3281   0.4335   0.6011   0.7572
13   0.6235   0.3206   0.1253   0.3373
14   0.4513   0.2185   0.1493   0.1376
15   0.833    0.7742   0.7275   0.7156
16   0.339    0.2679   0.2144   0.4649
;

