set P := 1 2 3 4 5 6 7 8 9 10 11 12;

set I := 1 2 3 4 5 6 7 8 9 10 11 12 13 14 15 16 17;

param 
v [*,*] (tr)
:      1        2        3        4        5        6        7        8      :=
1    0.9965   0.48     0.2452   0.6008   0.2742   0.2493   0.1114   0.5936
2    0.5717   0.2021   0.2314   0.3136   0.5656   0.8398   0.0709   0.879
3    0.4347   0.0031   0.8166   0.5505   0.9202   0.0135   0.4123   0.4997
4    0.6486   0.0045   0.1525   0.8459   0.4686   0.2914   0.2073   0.5769
5    0.3213   0.2041   0.1938   0.4052   0.3267   0.9438   0.9817   0.5566
6    0.5532   0.9037   0.5272   0.8942   0.8804   0.9758   0.0543   0.8869
7    0.072    0.2358   0.8726   0.4742   0.8718   0.8376   0.5601   0.1548
8    0.3509   0.3733   0.1223   0.7915   0.8186   0.4958   0.4259   0.6805
9    0.9176   0.8567   0.3314   0.9352   0.0891   0.8113   0.4438   0.2211
10   0.5252   0.1994   0.7395   0.0832   0.8359   0.5154   0.9905   0.1472
11   0.715    0.5206   0.1539   0.0638   0.4007   0.1126   0.1193   0.4268
12   0.8777   0.4766   0.534    0.0879   0.2891   0.5649   0.0963   0.729
13   0.8233   0.5915   0.2023   0.8767   0.9717   0.6487   0.6073   0.3034
14   0.8463   0.6869   0.4375   0.0636   0.3083   0.9173   0.8972   0.5922
15   0.0537   0.4968   0.8343   0.2702   0.8761   0.5734   0.0816   0.0224
16   0.4809   0.8812   0.0346   0.3126   0.4313   0.214    0.119    0.5465
17   0.3834   0.4805   0.3861   0.8551   0.076    0.6651   0.4566   0.6969

:      9        10       11       12      :=
1    0.5032   0.9758   0.1072   0.874
2    0.6083   0.8281   0.2169   0.7517
3    0.8043   0.3502   0.8426   0.6532
4    0.6362   0.6188   0.2282   0.6573
5    0.6339   0.4517   0.8264   0.3592
6    0.8606   0.0057   0.6207   0.889
7    0.6781   0.7302   0.225    0.6966
8    0.1026   0.528    0.7773   0.6054
9    0.4318   0.0751   0.6609   0.1853
10   0.4113   0.3849   0.0727   0.5251
11   0.7122   0.5801   0.109    0.429
12   0.1366   0.8455   0.4832   0.0739
13   0.0061   0.3397   0.3736   0.7853
14   0.4407   0.9631   0.7954   0.2398
15   0.4997   0.4389   0.2091   0.9825
16   0.5098   0.8584   0.3189   0.6117
17   0.2479   0.7015   0.6835   0.6987
;

