set P := 1 2 3 4 5 6 7 8 9 10 11 12;

set I := 1 2 3 4 5 6 7 8 9 10 11 12 13 14 15 16 17 18;

param 
v [*,*] (tr)
:      1        2        3        4        5        6        7        8      :=
1    0.9253   0.5068   0.1099   0.7239   0.8364   0.8118   0.5679   0.4621
2    0.3663   0.9324   0.5567   0.8943   0.6603   0.5479   0.355    0.3733
3    0.9211   0.8603   0.6162   0.7435   0.3007   0.3965   0.3889   0.366
4    0.3792   0.2073   0.2982   0.9445   0.6384   0.684    0.2215   0.8317
5    0.9532   0.106    0.5044   0.0488   0.3282   0.3378   0.1762   0.3092
6    0.8807   0.7818   0.3427   0.9722   0.6985   0.7162   0.4961   0.7975
7    0.0845   0.1902   0.1352   0.2948   0.4598   0.4237   0.9569   0.6382
8    0.6986   0.5058   0.5579   0.2681   0.1573   0.0158   0.3945   0.0146
9    0.8346   0.1882   0.0734   0.2519   0.4068   0.662    0.6399   0.7947
10   0.0575   0.8227   0.9786   0.7202   0.5816   0.3489   0.9831   0.4516
11   0.7743   0.5478   0.3754   0.5749   0.5505   0.4156   0.535    0.2745
12   0.8031   0.9697   0.0801   0.4184   0.8737   0.4798   0.9036   0.2569
13   0.4166   0.3863   0.7975   0.4208   0.0914   0.8061   0.1264   0.7661
14   0.9214   0.9528   0.8178   0.9871   0.6351   0.0134   0.6258   0.2865
15   0.1303   0.4189   0.949    0.3255   0.4947   0.3352   0.1922   0.6204
16   0.2463   0.334    0.7384   0.0831   0.5679   0.5439   0.6525   0.8588
17   0.7177   0.4703   0.0521   0.3583   0.1918   0.8028   0.3817   0.827
18   0.7815   0.5234   0.3247   0.5046   0.1169   0.4304   0.0082   0.0564

:      9        10       11       12      :=
1    0.6867   0.1564   0.2215   0.0436
2    0.1283   0.7314   0.5663   0.2432
3    0.3953   0.7164   0.7809   0.6118
4    0.1217   0.972    0.8257   0.7908
5    0.8259   0.1174   0.3366   0.8519
6    0.3234   0.0914   0.0168   0.1161
7    0.4749   0.7065   0.9257   0.3636
8    0.3737   0.2547   0.2257   0.9166
9    0.909    0.7698   0.1515   0.6786
10   0.0243   0.5045   0.4118   0.1552
11   0.3225   0.7421   0.8274   0.5067
12   0.1343   0.353    0.975    0.0185
13   0.1567   0.1705   0.6132   0.5027
14   0.6577   0.9929   0.7839   0.82
15   0.5879   0.8337   0.8918   0.9185
16   0.4701   0.0782   0.9025   0.8517
17   0.6925   0.3106   0.4064   0.6078
18   0.0265   0.0672   0.4326   0.5873
;

