set P := 1 2 3 4 5 6 7 8 9 10 11 12;

set I := 1 2 3 4 5 6 7 8 9 10 11 12 13 14 15 16 17 18 19;

param 
v [*,*] (tr)
:      1        2        3        4        5        6        7        8      :=
1    0.2545   0.1596   0.1492   0.6168   0.2227   0.4251   0.6203   0.1573
2    0.6696   0.5887   0.169    0.5637   0.1945   0.1079   0.8942   0.7527
3    0.946    0.0004   0.2398   0.87     0.5351   0.2576   0.3734   0.9006
4    0.4717   0.2474   0.4667   0.0791   0.1218   0.8059   0.2184   0.1274
5    0.1942   0.2799   0.434    0.6145   0.8046   0.4302   0.9137   0.7364
6    0.0943   0.6016   0.6962   0.2745   0.3307   0.9268   0.0913   0.5457
7    0.629    0.0609   0.2288   0.1742   0.7337   0.1466   0.9352   0.4743
8    0.983    0.6861   0.4002   0.8357   0.3752   0.8414   0.8424   0.9639
9    0.5185   0.8689   0.2658   0.8577   0.9334   0.7539   0.8582   0.9404
10   0.3748   0.5259   0.2211   0.3594   0.1611   0.9787   0.2396   0.9982
11   0.187    0.2526   0.3112   0.3896   0.007    0.5917   0.0654   0.761
12   0.9761   0.3839   0.2259   0.6281   0.9087   0.3683   0.4349   0.6344
13   0.8443   0.3011   0.6303   0.809    0.5844   0.5314   0.175    0.3655
14   0.2199   0.9861   0.9286   0.103    0.2879   0.4368   0.898    0.9814
15   0.9613   0.9102   0.0839   0.8643   0.3674   0.6392   0.1321   0.0868
16   0.3202   0.9757   0.7981   0.4053   0.4173   0.3101   0.5163   0.5769
17   0.6098   0.6087   0.3309   0.153    0.9431   0.3077   0.6886   0.5578
18   0.4445   0.3926   0.1092   0.516    0.5421   0.0212   0.6749   0.068
19   0.6638   0.8361   0.0273   0.6195   0.8306   0.7954   0.4686   0.1619

:      9        10       11       12      :=
1    0.9658   0.2126   0.3598   0.1535
2    0.5341   0.1748   0.7663   0.8834
3    0.2146   0.9455   0.7014   0.2684
4    0.1653   0.7341   0.9655   0.4578
5    0.2807   0.5475   0.6131   0.0004
6    0.9319   0.9392   0.0141   0.6949
7    0.5044   0.2692   0.3639   0.922
8    0.8757   0.8822   0.8576   0.8945
9    0.6614   0.0313   0.338    0.9447
10   0.4163   0.2758   0.2083   0.8572
11   0.6763   0.9434   0.4597   0.6345
12   0.8982   0.7799   0.3376   0.3691
13   0.0983   0.7867   0.5904   0.8118
14   0.7097   0.9607   0.1143   0.8292
15   0.7348   0.507    0.1173   0.8252
16   0.6333   0.9177   0.101    0.9807
17   0.6506   0.0492   0.0512   0.1461
18   0.987    0.8226   0.0435   0.3643
19   0.4425   0.5187   0.7125   0.0752
;

