set P := 1 2 3 4 5 6 7 8 9 10 11 12;

set I := 1 2 3 4 5 6 7 8 9 10 11 12 13 14 15 16 17 18 19 20;

param 
v [*,*] (tr)
:      1        2        3        4        5        6        7        8      :=
1    0.7256   0.628    0.3263   0.0385   0.0432   0.8141   0.6023   0.388
2    0.1498   0.4557   0.2838   0.1407   0.0673   0.6818   0.7537   0.4492
3    0.7555   0.2856   0.6993   0.7673   0.1038   0.43     0.1121   0.4574
4    0.0656   0.071    0.4456   0.0753   0.5062   0.0741   0.2868   0.5125
5    0.9242   0.091    0.9239   0.4952   0.0129   0.2899   0.979    0.6852
6    0.019    0.5378   0.2095   0.7054   0.2064   0.1234   0.9945   0.5968
7    0.0275   0.1267   0.1297   0.6862   0.5998   0.6433   0.0824   0.992
8    0.6312   0.5316   0.5058   0.0578   0.8695   0.9813   0.3934   0.1856
9    0.5369   0.9977   0.6915   0.2652   0.4715   0.8944   0.9781   0.5568
10   0.3786   0.0814   0.0395   0.35     0.9053   0.9991   0.8878   0.7876
11   0.3329   0.5039   0.6739   0.8083   0.8619   0.9814   0.693    0.8696
12   0.4963   0.1671   0.0429   0.6101   0.4406   0.1227   0.5024   0.2909
13   0.4106   0.0715   0.2411   0.5372   0.6987   0.8683   0.6253   0.9915
14   0.155    0.077    0.4068   0.0511   0.6222   0.0796   0.8839   0.1863
15   0.0718   0.6684   0.3917   0.5162   0.2865   0.5983   0.033    0.2821
16   0.3591   0.0112   0.2007   0.3544   0.443    0.0793   0.1718   0.085
17   0.1507   0.4218   0.7574   0.0743   0.2757   0.7892   0.1141   0.4782
18   0.4094   0.6752   0.5795   0.635    0.5072   0.9837   0.4216   0.0137
19   0.7199   0.5663   0.0628   0.5274   0.6067   0.583    0.2957   0.2464
20   0.0278   0.7681   0.6201   0.1147   0.9485   0.5879   0.6264   0.054

:      9        10       11       12      :=
1    0.3896   0.6568   0.0876   0.6804
2    0.3796   0.8403   0.1757   0.5761
3    0.7729   0.0748   0.8083   0.4189
4    0.1331   0.6628   0.9101   0.1408
5    0.482    0.6192   0.6058   0.2441
6    0.604    0.8662   0.986    0.6584
7    0.5438   0.8857   0.6872   0.6099
8    0.3496   0.1799   0.825    0.197
9    0.7595   0.0772   0.1733   0.593
10   0.9306   0.6342   0.6257   0.8727
11   0.6038   0.5243   0.9809   0.3685
12   0.8557   0.9488   0.2536   0.8347
13   0.1452   0.0385   0.6387   0.3621
14   0.9187   0.4484   0.1499   0.7488
15   0.8721   0.5601   0.4757   0.5373
16   0.3466   0.4179   0.1684   0.7503
17   0.8697   0.256    0.5121   0.611
18   0.6052   0.0583   0.1341   0.1232
19   0.6881   0.0082   0.1093   0.898
20   0.3362   0.9187   0.6517   0.7805
;

