set P := 1 2 3 4 5 6 7 8 9 10 11 12 13;

set I := 1 2 3 4 5 6 7 8 9 10;

param 
v [*,*]
:      1        2        3        4        5        6        7        8      :=
1    0.5372   0.417    0.9143   0.5546   0.3762   0.7104   0.8374   0.4664
2    0.0953   0.6489   0.2849   0.2129   0.4276   0.6419   0.4841   0.8139
3    0.4055   0.8303   0.9926   0.1016   0.2307   0.821    0.2754   0.1536
4    0.9347   0.2492   0.8941   0.9634   0.0374   0.1318   0.3186   0.7896
5    0.8032   0.3056   0.0008   0.4303   0.8596   0.5451   0.2808   0.9955
6    0.1589   0.3792   0.8366   0.0234   0.0974   0.4021   0.4784   0.9767
7    0.1394   0.5265   0.5744   0.3734   0.1875   0.1829   0.3086   0.2057
8    0.1123   0.5797   0.4756   0.5253   0.6023   0.1407   0.7062   0.2884
9    0.8571   0.7448   0.7091   0.6359   0.9599   0.1303   0.657    0.1327
10   0.7376   0.6957   0.7135   0.7308   0.0023   0.6419   0.2687   0.6296
11   0.1131   0.7472   0.1749   0.3496   0.3781   0.9883   0.6534   0.8651
12   0.1419   0.3647   0.4741   0.5395   0.1997   0.203    0.9486   0.3835
13   0.1441   0.7957   0.0056   0.0388   0.4255   0.8694   0.8644   0.5934

:      9        10      :=
1    0.5151   0.3543
2    0.5873   0.3067
3    0.1267   0.2904
4    0.0778   0.8909
5    0.7564   0.9605
6    0.2848   0.3689
7    0.5099   0.5714
8    0.612    0.9655
9    0.3829   0.8688
10   0.234    0.3207
11   0.1925   0.8617
12   0.2542   0.5064
13   0.0859   0.8683
;

