set P := 1 2 3 4 5 6 7 8 9 10 11 12 13;

set I := 1 2 3 4 5 6 7 8 9 10 11 12;

param 
v [*,*]
:      1        2        3        4        5        6        7        8      :=
1    0.7383   0.9756   0.0286   0.6869   0.0615   0.384    0.9306   0.956
2    0.9413   0.4861   0.3544   0.633    0.1981   0.0645   0.3562   0.4977
3    0.3688   0.5777   0.0076   0.2498   0.5126   0.1632   0.3616   0.3517
4    0.3439   0.4227   0.4957   0.9144   0.3802   0.2079   0.8198   0.6839
5    0.8923   0.0165   0.5221   0.409    0.367    0.895    0.0232   0.461
6    0.1613   0.3534   0.6402   0.1009   0.9898   0.7466   0.9596   0.9314
7    0.5887   0.6341   0.3085   0.959    0.8273   0.5615   0.5293   0.7434
8    0.1122   0.1431   0.2291   0.9995   0.0996   0.8128   0.0064   0.8023
9    0.2281   0.0195   0.7925   0.7893   0.2344   0.1877   0.8382   0.6302
10   0.6177   0.6175   0.339    0.0289   0.2532   0.5458   0.6198   0.3644
11   0.1716   0.5457   0.0709   0.4349   0.2207   0.5659   0.455    0.9486
12   0.5336   0.2094   0.5628   0.5611   0.4      0.947    0.4678   0.1649
13   0.0871   0.2879   0.7271   0.8173   0.539    0.7529   0.2374   0.6398

:      9        10       11       12      :=
1    0.949    0.1837   0.7485   0.6256
2    0.3262   0.5223   0.7347   0.9965
3    0.8178   0.1581   0.8074   0.8944
4    0.6862   0.3391   0.5744   0.7721
5    0.2026   0.189    0.8602   0.4863
6    0.5009   0.4593   0.959    0.6737
7    0.1186   0.7889   0.412    0.0124
8    0.1762   0.1241   0.2147   0.4845
9    0.2996   0.0378   0.2747   0.3494
10   0.0502   0.5869   0.3146   0.0316
11   0.2857   0.3446   0.6693   0.0129
12   0.9253   0.6653   0.4482   0.4052
13   0.1519   0.3395   0.7118   0.3622
;

