set P := 1 2 3 4 5 6 7 8 9 10 11 12 13;

set I := 1 2 3 4 5 6 7 8 9 10 11 12 13 14;

param 
v [*,*] (tr)
:      1        2        3        4        5        6        7        8      :=
1    0.3899   0.4217   0.004    0.5942   0.0232   0.1634   0.7454   0.1746
2    0.0432   0.7208   0.6806   0.5403   0.6448   0.1647   0.519    0.9816
3    0.8859   0.7728   0.6582   0.5517   0.7855   0.4334   0.5315   0.5084
4    0.3484   0.4952   0.0602   0.1556   0.5931   0.1981   0.6119   0.1554
5    0.9814   0.3722   0.7555   0.7807   0.9206   0.982    0.6097   0.0043
6    0.5696   0.9023   0.4825   0.5207   0.111    0.6229   0.6152   0.7499
7    0.1527   0.9299   0.274    0.7325   0.4592   0.5451   0.3506   0.5075
8    0.2144   0.3308   0.9091   0.3241   0.3095   0.3789   0.5676   0.8314
9    0.2478   0.2102   0.268    0.691    0.4282   0.6061   0.046    0.0453
10   0.5133   0.3128   0.5587   0.777    0.8432   0.8843   0.2935   0.1553
11   0.5941   0.5173   0.6533   0.2819   0.8296   0.5634   0.8278   0.5689
12   0.0673   0.6908   0.2999   0.0898   0.7933   0.2391   0.259    0.4717
13   0.1132   0.4607   0.4782   0.7889   0.2277   0.6642   0.0912   0.6671
14   0.772    0.3998   0.7035   0.3171   0.1828   0.5551   0.8372   0.1454

:      9        10       11       12       13      :=
1    0.4533   0.9155   0.1768   0.2875   0.8572
2    0.4546   0.341    0.1543   0.2552   0.7866
3    0.0556   0.1865   0.6064   0.6961   0.6997
4    0.843    0.3869   0.2157   0.5371   0.1028
5    0.0226   0.0373   0.7635   0.5391   0.0573
6    0.4007   0.7894   0.9491   0.4769   0.4041
7    0.4307   0.6918   0.9305   0.5165   0.089
8    0.4689   0.4582   0.9637   0.6221   0.6457
9    0.8127   0.1876   0.9035   0.5402   0.5722
10   0.6533   0.4384   0.6474   0.5896   0.6065
11   0.0439   0.5113   0.3835   0.3553   0.6991
12   0.8583   0.6511   0.9919   0.6444   0.4868
13   0.4032   0.2003   0.7953   0.9106   0.8433
14   0.4935   0.4476   0.9805   0.5129   0.8306
;

