set P := 1 2 3 4 5 6 7 8 9 10 11 12 13;

set I := 1 2 3 4 5 6 7 8 9 10 11 12 13 14 15 16;

param 
v [*,*] (tr)
:      1        2        3        4        5        6        7        8      :=
1    0.2246   0.3026   0.7115   0.2034   0.8335   0.6305   0.9163   0.1614
2    0.7545   0.8083   0.1716   0.3443   0.8329   0.3886   0.8412   0.1611
3    0.1727   0.1209   0.2971   0.81     0.3924   0.3093   0.675    0.5966
4    0.4093   0.7823   0.1946   0.5592   0.7688   0.1849   0.4151   0.4297
5    0.2169   0.824    0.0356   0.2145   0.7743   0.5416   0.1148   0.8558
6    0.1219   0.5919   0.2184   0.8599   0.6724   0.6241   0.9364   0.973
7    0.7294   0.1495   0.9708   0.1596   0.8048   0.7385   0.9887   0.9943
8    0.1425   0.8297   0.6635   0.1938   0.6042   0.6028   0.6445   0.4336
9    0.0257   0.509    0.7353   0.3801   0.4468   0.2364   0.2392   0.0627
10   0.4425   0.9017   0.7628   0.709    0.5402   0.3801   0.716    0.4992
11   0.6101   0.2768   0.6571   0.6145   0.0101   0.6363   0.2833   0.8759
12   0.7076   0.763    0.9131   0.8474   0.1525   0.0704   0.2314   0.4697
13   0.3601   0.4341   0.0003   0.8886   0.2665   0.2047   0.5393   0.5239
14   0.7148   0.6991   0.7302   0.9901   0.54     0.3105   0.822    0.6312
15   0.3902   0.9098   0.5509   0.3474   0.3903   0.5263   0.4752   0.6021
16   0.0755   0.8708   0.7306   0.441    0.4448   0.598    0.4848   0.4745

:      9        10       11       12       13      :=
1    0.0592   0.222    0.3257   0.1948   0.1641
2    0.3024   0.2834   0.3196   0.3181   0.2611
3    0.2905   0.4611   0.2737   0.6738   0.7163
4    0.4203   0.0262   0.6597   0.8273   0.1288
5    0.896    0.164    0.0185   0.1627   0.7619
6    0.3102   0.8595   0.9113   0.736    0.3199
7    0.9211   0.758    0.2077   0.6817   0.5264
8    0.0485   0.7645   0.6252   0.65     0.2903
9    0.4012   0.3097   0.6966   0.7739   0.0956
10   0.9348   0.332    0.7429   0.6263   0.6234
11   0.3331   0.3919   0.1475   0.7543   0.812
12   0.4301   0.6856   0.9616   0.6705   0.8425
13   0.5183   0.7588   0.8375   0.3928   0.6608
14   0.8584   0.7071   0.413    0.5696   0.1122
15   0.4151   0.6085   0.2595   0.74     0.7548
16   0.1213   0.1401   0.1287   0.7916   0.8801
;

