set P := 1 2 3 4 5 6 7 8 9 10 11 12 13;

set I := 1 2 3 4 5 6 7 8 9 10 11 12 13 14 15 16 17;

param 
v [*,*] (tr)
:      1        2        3        4        5        6        7        8      :=
1    0.9862   0.9506   0.2677   0.559    0.8478   0.0889   0.4954   0.6371
2    0.4801   0.3617   0.1031   0.5677   0.8999   0.9297   0.5386   0.3224
3    0.4992   0.0605   0.1487   0.5614   0.8182   0.4914   0.4433   0.4214
4    0.4134   0.7554   0.4488   0.0255   0.2089   0.2653   0.0383   0.3487
5    0.2005   0.2143   0.7975   0.9668   0.6918   0.5934   0.041    0.4013
6    0.3093   0.7949   0.4274   0.1844   0.3686   0.6116   0.9892   0.7908
7    0.0837   0.0579   0.2684   0.8502   0.0502   0.6393   0.9859   0.6756
8    0.9774   0.5522   0.717    0.3267   0.1231   0.2677   0.2079   0.0645
9    0.4355   0.2768   0.2434   0.4698   0.6399   0.6134   0.0588   0.6122
10   0.3287   0.466    0.2463   0.782    0.3044   0.5143   0.4874   0.4738
11   0.2127   0.9881   0.4467   0.2637   0.2806   0.8892   0.8113   0.3616
12   0.1541   0.9718   0.5148   0.662    0.6004   0.5529   0.8781   0.1962
13   0.9914   0.0295   0.3684   0.3127   0.83     0.8227   0.1333   0.7356
14   0.6759   0.8352   0.4039   0.8957   0.7048   0.7891   0.3615   0.0708
15   0.2146   0.0825   0.8749   0.1219   0.9704   0.2767   0.5382   0.6891
16   0.1479   0.9483   0.3006   0.339    0.5318   0.3549   0.9302   0.7463
17   0.2611   0.9615   0.9068   0.3664   0.796    0.434    0.2803   0.3857

:      9        10       11       12       13      :=
1    0.3393   0.9782   0.8144   0.2531   0.9895
2    0.2313   0.2359   0.8466   0.8502   0.1277
3    0.6087   0.8104   0.704    0.1373   0.3246
4    0.8622   0.4703   0.8387   0.8853   0.9039
5    0.8562   0.1205   0.8647   0.4052   0.6565
6    0.3351   0.0256   0.0948   0.4576   0.098
7    0.3324   0.9606   0.6251   0.0623   0.3579
8    0.4237   0.6724   0.9183   0.8403   0.1772
9    0.8291   0.3641   0.6462   0.667    0.6524
10   0.4027   0.0348   0.2929   0.9008   0.351
11   0.7435   0.1219   0.1641   0.8444   0.2558
12   0.8789   0.2421   0.6397   0.9956   0.1429
13   0.4305   0.4077   0.437    0.8683   0.9129
14   0.8915   0.6602   0.6608   0.3839   0.4582
15   0.517    0.4411   0.0011   0.4906   0.8204
16   0.5656   0.8963   0.2419   0.6323   0.9178
17   0.9687   0.6048   0.0881   0.5661   0.5984
;

