set P := 1 2 3 4 5 6 7 8 9 10 11 12 13;

set I := 1 2 3 4 5 6 7 8 9 10 11 12 13 14 15 16 17 18;

param 
v [*,*] (tr)
:      1        2        3        4        5        6        7        8      :=
1    0.708    0.159    0.178    0.1372   0.9115   0.3216   0.3303   0.5995
2    0.5321   0.7727   0.2405   0.037    0.3756   0.4914   0.6234   0.027
3    0.8354   0.6055   0.816    0.1372   0.457    0.2901   0.4316   0.0133
4    0.8539   0.5071   0.0677   0.0185   0.848    0.3194   0.3107   0.6606
5    0.6125   0.7424   0.7887   0.6091   0.428    0.8245   0.4122   0.0754
6    0.7537   0.2834   0.9401   0.055    0.2452   0.6927   0.8227   0.0883
7    0.468    0.4491   0.3152   0.4409   0.2917   0.4862   0.7956   0.9619
8    0.2469   0.9898   0.2778   0.838    0.0143   0.2909   0.8345   0.2043
9    0.8836   0.0372   0.8663   0.8305   0.1643   0.7177   0.6962   0.3851
10   0.3776   0.9453   0.992    0.3777   0.8675   0.3638   0.3937   0.4956
11   0.574    0.3633   0.8074   0.2073   0.7841   0.354    0.7679   0.4805
12   0.0591   0.9706   0.8692   0.379    0.3978   0.3303   0.4959   0.755
13   0.3785   0.7723   0.8509   0.3156   0.5084   0.9523   0.4556   0.8269
14   0.5849   0.0064   0.929    0.7699   0.3517   0.3044   0.7931   0.9194
15   0.944    0.7018   0.435    0.7953   0.2256   0.8465   0.8441   0.2471
16   0.954    0.5091   0.3043   0.4497   0.589    0.9505   0.5429   0.3322
17   0.6397   0.6608   0.3055   0.3612   0.2634   0.6016   0.4137   0.8004
18   0.872    0.9466   0.5059   0.586    0.5073   0.3243   0.2826   0.3183

:      9        10       11       12       13      :=
1    0.3225   0.1587   0.531    0.027    0.3808
2    0.7861   0.1815   0.7094   0.2598   0.8572
3    0.625    0.6442   0.6053   0.3092   0.5147
4    0.1098   0.4098   0.5834   0.1543   0.5572
5    0.6936   0.36     0.5068   0.5559   0.1508
6    0.3623   0.4075   0.8462   0.0361   0.1598
7    0.3761   0.6878   0.7878   0.7616   0.3439
8    0.703    0.1098   0.4314   0.4418   0.0909
9    0.4392   0.2838   0.472    0.7931   0.0761
10   0.6651   0.1731   0.2268   0.3507   0.0165
11   0.3851   0.2317   0.8679   0.3033   0.3507
12   0.4855   0.7835   0.1844   0.6987   0.1601
13   0.5115   0.2165   0.5111   0.5959   0.3926
14   0.3008   0.7346   0.8499   0.4921   0.5334
15   0.0109   0.1294   0.0031   0.7267   0.7515
16   0.5703   0.9947   0.3066   0.2042   0.0347
17   0.4212   0.362    0.5526   0.3203   0.0786
18   0.3759   0.087    0.9997   0.8757   0.3073
;

