set P := 1 2 3 4 5 6 7 8 9 10 11 12 13;

set I := 1 2 3 4 5 6 7 8 9 10 11 12 13 14 15 16 17 18 19;

param 
v [*,*] (tr)
:      1        2        3        4        5        6        7        8      :=
1    0.9222   0.7367   0.2211   0.1962   0.2368   0.6976   0.7978   0.1199
2    0.8201   0.1833   0.218    0.9039   0.2919   0.3504   0.8523   0.7718
3    0.6131   0.8549   0.1312   0.8497   0.7784   0.8355   0.1058   0.0834
4    0.9042   0.6441   0.5379   0.2067   0.8643   0.4521   0.3082   0.3101
5    0.3291   0.5448   0.794    0.1948   0.4114   0.2259   0.1533   0.8813
6    0.4611   0.7097   0.5553   0.3898   0.0436   0.3755   0.2721   0.0704
7    0.7474   0.5721   0.183    0.1187   0.6203   0.6415   0.9268   0.5993
8    0.7328   0.435    0.0975   0.9459   0.7383   0.5104   0.5975   0.4159
9    0.8524   0.6279   0.3838   0.2788   0.3423   0.4853   0.9787   0.2918
10   0.2535   0.6302   0.0726   0.0379   0.5653   0.5375   0.87     0.6524
11   0.3408   0.1911   0.3621   0.7565   0.2196   0.6887   0.7134   0.0787
12   0.365    0.6364   0.4432   0.5378   0.8829   0.5492   0.553    0.3882
13   0.7348   0.6407   0.418    0.1696   0.4785   0.9954   0.6985   0.351
14   0.9494   0.7058   0.6036   0.4668   0.4482   0.3429   0.7056   0.8581
15   0.7569   0.3042   0.9331   0.3939   0.442    0.4536   0.7194   0.1525
16   0.9399   0.3245   0.939    0.8026   0.253    0.8376   0.1055   0.9036
17   0.0298   0.3395   0.086    0.6562   0.2014   0.4844   0.3288   0.9576
18   0.249    0.319    0.7198   0.6434   0.6218   0.4627   0.384    0.5414
19   0.1401   0.1199   0.6653   0.7844   0.4928   0.3172   0.6749   0.2865

:      9        10       11       12       13      :=
1    0.227    0.4758   0.4664   0.7033   0.4388
2    0.5504   0.1323   0.8494   0.0642   0.1176
3    0.3436   0.342    0.8405   0.4314   0.741
4    0.0586   0.9704   0.7621   0.8469   0.46
5    0.6848   0.8961   0.0302   0.8169   0.1728
6    0.9984   0.4074   0.1919   0.8971   0.1251
7    0.3507   0.5312   0.1436   0.8985   0.7429
8    0.7944   0.0189   0.8406   0.7531   0.2861
9    0.2739   0.074    0.1546   0.5343   0.2293
10   0.2074   0.1653   0.5496   0.7739   0.1505
11   0.054    0.3478   0.0257   0.1167   0.0462
12   0.2941   0.9612   0.0713   0.7435   0.6043
13   0.7472   0.0545   0.1154   0.2398   0.1238
14   0.0419   0.2187   0.5145   0.267    0.3981
15   0.6639   0.0774   0.6049   0.8688   0.9342
16   0.9731   0.2078   0.5062   0.2652   0.1499
17   0.4848   0.8743   0.991    0.8192   0.1261
18   0.7724   0.1844   0.3491   0.1749   0.3837
19   0.28     0.8338   0.9286   0.9551   0.7807
;

