set P := 1 2 3 4 5 6 7 8 9 10 11 12 13;

set I := 1 2 3 4 5 6 7 8 9 10 11 12 13 14 15 16 17 18 19 20;

param 
v [*,*] (tr)
:      1        2        3        4        5        6        7        8      :=
1    0.364    0.1032   0.0444   0.1811   0.088    0.3298   0.5242   0.9814
2    0.8381   0.8265   0.2896   0.9348   0.5158   0.5932   0.954    0.3809
3    0.7945   0.1305   0.4274   0.3459   0.1362   0.8517   0.5995   0.9827
4    0.3872   0.1529   0.9801   0.181    0.5008   0.9498   0.8932   0.8771
5    0.7375   0.9029   0.1582   0.4918   0.5803   0.7222   0.9184   0.6555
6    0.2592   0.2321   0.3919   0.6053   0.9864   0.9632   0.4811   0.2728
7    0.5073   0.044    0.8467   0.2274   0.2482   0.0496   0.8951   0.3141
8    0.4093   0.9128   0.6952   0.4239   0.548    0.2128   0.0565   0.3533
9    0.6183   0.6783   0.5092   0.1088   0.2606   0.6238   0.4196   0.346
10   0.6774   0.5973   0.722    0.7128   0.7345   0.3407   0.0844   0.2507
11   0.2552   0.3618   0.7907   0.8589   0.0561   0.6712   0.5878   0.7464
12   0.0186   0.283    0.4409   0.1791   0.4247   0.8214   0.3354   0.4447
13   0.5425   0.4549   0.9897   0.9178   0.2559   0.8311   0.0778   0.7345
14   0.266    0.4639   0.9386   0.4361   0.8207   0.1548   0.0309   0.2806
15   0.8166   0.7414   0.2357   0.6614   0.6689   0.7973   0.2985   0.2458
16   0.3726   0.7881   0.7146   0.3161   0.3356   0.8513   0.7297   0.4116
17   0.2855   0.1136   0.6742   0.7965   0.3066   0.5957   0.491    0.5237
18   0.6355   0.8142   0.4436   0.6167   0.7409   0.9987   0.3726   0.1816
19   0.3539   0.258    0.0586   0.8626   0.0791   0.4928   0.7884   0.1088
20   0.2494   0.0686   0.6943   0.7381   0.1995   0.609    0.4773   0.9026

:      9        10       11       12       13      :=
1    0.5007   0.9807   0.251    0.1016   0.7147
2    0.6405   0.884    0.346    0.956    0.2527
3    0.5302   0.6107   0.9388   0.475    0.292
4    0.8923   0.5037   0.2326   0.7971   0.7169
5    0.0182   0.6651   0.3002   0.9358   0.1477
6    0.7553   0.7676   0.1556   0.164    0.1157
7    0.6966   0.6      0.694    0.6182   0.7852
8    0.2349   0.4782   0.4218   0.7469   0.7139
9    0.1442   0.6005   0.5761   0.9334   0.1365
10   0.3454   0.3035   0.3575   0.0497   0.3528
11   0.4768   0.3162   0.722    0.7696   0.8514
12   0.268    0.9412   0.6924   0.9658   0.5503
13   0.0915   0.9345   0.4107   0.8297   0.9873
14   0.8595   0.4889   0.6415   0.7877   0.3875
15   0.9382   0.6941   0.4553   0.8171   0.5822
16   0.8238   0.1295   0.6478   0.7663   0.3436
17   0.5409   0.3227   0.5842   0.6239   0.3329
18   0.5065   0.7731   0.9481   0.7468   0.0416
19   0.7761   0.4389   0.9526   0.3928   0.9811
20   0.8935   0.724    0.6345   0.9796   0.6717
;

