set P := 1 2 3 4 5 6 7 8 9 10 11 12 13 14;

set I := 1 2 3 4 5 6 7 8 9 10 11 12 13 14;

param 
v [*,*]
:      1        2        3        4        5        6        7        8      :=
1    0.7924   0.3734   0.7461   0.7927   0.9564   0.7676   0.4065   0.0918
2    0.6028   0.0326   0.2047   0.6613   0.252    0.7041   0.4675   0.3913
3    0.0411   0.4512   0.7727   0.7095   0.7834   0.2756   0.4002   0.99
4    0.9561   0.4643   0.4413   0.3505   0.7457   0.3575   0.0373   0.983
5    0.1565   0.8898   0.1733   0.7049   0.4092   0.9728   0.1996   0.04
6    0.018    0.6253   0.5956   0.6915   0.6329   0.5185   0.7075   0.8007
7    0.2459   0.8931   0.7049   0.0263   0.0629   0.9727   0.0459   0.3477
8    0.9291   0.5286   0.7057   0.1389   0.048    0.9749   0.0061   0.7082
9    0.2664   0.3479   0.1195   0.2204   0.2245   0.862    0.3094   0.1116
10   0.5856   0.6952   0.3324   0.5882   0.3186   0.2177   0.7913   0.7815
11   0.5228   0.9604   0.9936   0.2539   0.0239   0.3092   0.0768   0.9763
12   0.3893   0.2424   0.8968   0.8209   0.7214   0.0891   0.8018   0.2408
13   0.6871   0.2066   0.6717   0.4088   0.0775   0.1997   0.8778   0.1726
14   0.4158   0.3655   0.7096   0.4687   0.6001   0.2743   0.0675   0.4446

:      9        10       11       12       13       14      :=
1    0.4342   0.063    0.8454   0.8915   0.6678   0.0918
2    0.0702   0.9611   0.0315   0.556    0.7379   0.3094
3    0.5874   0.7225   0.5978   0.7288   0.8832   0.6126
4    0.0417   0.161    0.4127   0.5177   0.9402   0.4334
5    0.3134   0.5139   0.5247   0.597    0.4358   0.4763
6    0.2932   0.7226   0.6454   0.1081   0.0685   0.824
7    0.8711   0.2689   0.348    0.0408   0.7703   0.7445
8    0.4683   0.2182   0.4801   0.4834   0.1385   0.2541
9    0.6402   0.5934   0.4789   0.7539   0.9337   0.4144
10   0.098    0.754    0.8219   0.5309   0.6044   0.7163
11   0.0979   0.7743   0.9065   0.253    0.7267   0.9655
12   0.7575   0.9005   0.9851   0.7459   0.5546   0.0872
13   0.2564   0.8579   0.5245   0.6153   0.1158   0.4645
14   0.1939   0.6223   0.3797   0.8258   0.8618   0.6917
;

