set P := 1 2 3 4 5 6 7 8 9 10 11 12 13 14;

set I := 1 2 3 4 5 6 7 8 9 10 11 12 13 14 15 16;

param 
v [*,*] (tr)
:      1        2        3        4        5        6        7        8      :=
1    0.7122   0.3206   0.2215   0.8066   0.9147   0.5642   0.7414   0.8317
2    0.764    0.0456   0.4325   0.5794   0.3617   0.793    0.8924   0.3109
3    0.5175   0.2115   0.9784   0.404    0.026    0.1121   0.8119   0.8289
4    0.5044   0.6993   0.5253   0.5145   0.5208   0.3283   0.4791   0.4399
5    0.4954   0.7201   0.5057   0.464    0.5474   0.5248   0.5493   0.5928
6    0.5591   0.943    0.787    0.3847   0.2135   0.1693   0.0923   0.8885
7    0.943    0.4084   0.6352   0.951    0.938    0.8245   0.3928   0.8552
8    0.3647   0.8177   0.2443   0.4401   0.4642   0.9622   0.2932   0.9165
9    0.9771   0.5595   0.9632   0.3516   0.4477   0.6062   0.7188   0.5469
10   0.1601   0.5527   0.7888   0.9603   0.4395   0.3815   0.9078   0.4644
11   0.0588   0.0799   0.4695   0.5324   0.2614   0.9277   0.4645   0.3631
12   0.6677   0.2934   0.1702   0.1093   0.3435   0.2115   0.3226   0.5866
13   0.6982   0.7509   0.4923   0.8324   0.7319   0.3325   0.7133   0.0012
14   0.6778   0.4936   0.5644   0.2885   0.3629   0.6555   0.3368   0.2257
15   0.2438   0.6299   0.3357   0.0074   0.3266   0.9987   0.0641   0.7498
16   0.5673   0.3307   0.8821   0.8156   0.5904   0.6512   0.6629   0.1583

:      9        10       11       12       13       14      :=
1    0.166    0.7557   0.5257   0.1632   0.206    0.8615
2    0.7918   0.9852   0.5648   0.3786   0.446    0.5656
3    0.2759   0.1536   0.9038   0.7306   0.9991   0.0934
4    0.9567   0.1798   0.2275   0.1457   0.5504   0.5772
5    0.8252   0.8507   0.3222   0.1732   0.5101   0.8798
6    0.7889   0.3082   0.405    0.6529   0.1034   0.8768
7    0.9132   0.2234   0.8419   0.7971   0.0497   0.864
8    0.7627   0.0976   0.7605   0.742    0.5932   0.4683
9    0.4975   0.0138   0.4277   0.6993   0.7835   0.0267
10   0.0292   0.3845   0.0843   0.0574   0.2516   0.1989
11   0.2886   0.1095   0.6144   0.2112   0.6586   0.2888
12   0.5914   0.2359   0.653    0.4077   0.999    0.293
13   0.6628   0.5809   0.8234   0.6105   0.1985   0.2872
14   0.4769   0.3266   0.9612   0.3527   0.7854   0.6518
15   0.0681   0.6681   0.0413   0.7597   0.7031   0.4811
16   0.0637   0.3362   0.0616   0.2863   0.6947   0.2823
;

