set P := 1 2 3 4 5 6 7 8 9 10 11 12 13 14;

set I := 1 2 3 4 5 6 7 8 9 10 11 12 13 14 15 16 17;

param 
v [*,*] (tr)
:      1        2        3        4        5        6        7        8      :=
1    0.4625   0.5632   0.7132   0.1633   0.5828   0.9061   0.325    0.6506
2    0.3704   0.9889   0.0571   0.2492   0.0114   0.0002   0.0196   0.0822
3    0.1492   0.0625   0.3091   0.4907   0.1045   0.8215   0.9106   0.2865
4    0.7495   0.9932   0.2253   0.1205   0.8441   0.3416   0.6759   0.8835
5    0.9874   0.6149   0.5833   0.3926   0.475    0.5769   0.8014   0.9925
6    0.003    0.1046   0.5648   0.5679   0.7741   0.2921   0.7917   0.6368
7    0.5676   0.4062   0.5309   0.0139   0.1445   0.4623   0.023    0.1476
8    0.9842   0.2844   0.8351   0.4186   0.9963   0.8576   0.9327   0.4683
9    0.3492   0.0413   0.9124   0.8873   0.0787   0.1004   0.2046   0.3182
10   0.7505   0.977    0.4374   0.1732   0.5283   0.9552   0.5643   0.2728
11   0.0223   0.618    0.3778   0.1079   0.6364   0.7584   0.1351   0.4242
12   0.3194   0.2743   0.3216   0.4336   0.1804   0.0363   0.9149   0.7658
13   0.8466   0.4528   0.0637   0.6523   0.3953   0.9993   0.0093   0.1864
14   0.204    0.7589   0.4822   0.1078   0.3661   0.8539   0.2698   0.1739
15   0.8531   0.2787   0.4023   0.254    0.0159   0.1148   0.5585   0.6725
16   0.6132   0.2546   0.8341   0.8368   0.446    0.7024   0.0584   0.0709
17   0.6493   0.3385   0.3559   0.7793   0.0229   0.9013   0.4359   0.9407

:      9        10       11       12       13       14      :=
1    0.8928   0.2443   0.2969   0.1882   0.8938   0.2732
2    0.7538   0.5757   0.7588   0.617    0.4845   0.5198
3    0.0282   0.7311   0.9596   0.3943   0.3067   0.0614
4    0.5827   0.1642   0.1828   0.1862   0.3786   0.5947
5    0.8185   0.1676   0.6813   0.5333   0.403    0.2378
6    0.6883   0.9302   0.291    0.8549   0.1264   0.9352
7    0.873    0.348    0.8888   0.9188   0.4038   0.5669
8    0.0714   0.4998   0.923    0.3864   0.6882   0.1648
9    0.9097   0.8072   0.2221   0.0202   0.4303   0.7918
10   0.6326   0.7712   0.1734   0.0879   0.1559   0.8525
11   0.7125   0.4487   0.9712   0.592    0.6845   0.7654
12   0.9755   0.175    0.8747   0.8025   0.7412   0.4711
13   0.1473   0.6422   0.8585   0.0286   0.8741   0.3079
14   0.9003   0.5652   0.8188   0.9415   0.9573   0.4082
15   0.8685   0.779    0.6824   0.2812   0.1932   0.2416
16   0.82     0.8124   0.7482   0.8571   0.9787   0.5344
17   0.6383   0.9061   0.0236   0.7344   0.7059   0.1721
;

