set P := 1 2 3 4 5 6 7 8 9 10 11 12 13 14;

set I := 1 2 3 4 5 6 7 8 9 10 11 12 13 14 15 16 17 18;

param 
v [*,*] (tr)
:      1        2        3        4        5        6        7        8      :=
1    0.4605   0.8688   0.4466   0.3606   0.0125   0.5307   0.6796   0.579
2    0.196    0.5354   0.7442   0.6478   0.6523   0.7707   0.7634   0.6856
3    0.6199   0.9121   0.1455   0.5974   0.9992   0.305    0.536    0.2774
4    0.6263   0.246    0.4846   0.4846   0.2349   0.9211   0.0852   0.45
5    0.4622   0.4538   0.2157   0.0028   0.0643   0.9118   0.013    0.6719
6    0.8315   0.3867   0.1999   0.0253   0.4979   0.5457   0.8418   0.0121
7    0.6752   0.3967   0.724    0.9653   0.8783   0.6222   0.6351   0.7326
8    0.2981   0.6067   0.28     0.4826   0.1846   0.9479   0.2663   0.8201
9    0.2337   0.1019   0.5886   0.8666   0.8856   0.4753   0.4984   0.9533
10   0.2901   0.1871   0.9175   0.6696   0.8169   0.2233   0.928    0.022
11   0.2165   0.3326   0.8059   0.5483   0.2448   0.5549   0.6599   0.6629
12   0.5018   0.6268   0.7467   0.6178   0.3846   0.8926   0.6229   0.2637
13   0.7106   0.9926   0.0355   0.2205   0.6881   0.6663   0.4916   0.8768
14   0.2381   0.4323   0.4751   0.5792   0.3429   0.4146   0.3554   0.7993
15   0.4265   0.4033   0.5944   0.5782   0.7304   0.9934   0.7065   0.2109
16   0.316    0.3331   0.6438   0.1101   0.9982   0.4685   0.339    0.1195
17   0.6511   0.2035   0.2014   0.3179   0.4097   0.5313   0.9926   0.0134
18   0.5866   0.2772   0.6592   0.9113   0.14     0.4081   0.8203   0.1073

:      9        10       11       12       13       14      :=
1    0.8564   0.7477   0.127    0.9671   0.6351   0.9394
2    0.3827   0.0115   0.6154   0.2092   0.3234   0.5404
3    0.9183   0.1615   0.6869   0.9002   0.7355   0.5114
4    0.929    0.3415   0.1557   0.3634   0.3911   0.4191
5    0.7151   0.3572   0.13     0.6438   0.377    0.3746
6    0.7171   0.6866   0.1349   0.434    0.3173   0.299
7    0.9686   0.2591   0.0394   0.5966   0.6324   0.4322
8    0.4561   0.2992   0.9094   0.92     0.8443   0.1854
9    0.0053   0.6858   0.483    0.2378   0.6861   0.9829
10   0.8862   0.8759   0.4719   0.5097   0.5206   0.0496
11   0.6755   0.07     0.226    0.9391   0.3396   0.995
12   0.0364   0.4681   0.9769   0.4155   0.1574   0.1391
13   0.6363   0.4801   0.6734   0.7302   0.0955   0.3282
14   0.8203   0.2932   0.6336   0.9296   0.0709   0.6997
15   0.8366   0.8243   0.1387   0.4232   0.1503   0.2138
16   0.4344   0.9455   0.8307   0.2386   0.9299   0.9057
17   0.0327   0.347    0.838    0.8366   0.0411   0.3669
18   0.7535   0.6271   0.3836   0.2182   0.6235   0.3022
;

