set P := 1 2 3 4 5 6 7 8 9 10 11 12 13 14;

set I := 1 2 3 4 5 6 7 8 9 10 11 12 13 14 15 16 17 18 19;

param 
v [*,*] (tr)
:      1        2        3        4        5        6        7        8      :=
1    0.6311   0.4624   0.7224   0.3244   0.9933   0.8998   0.4866   0.1733
2    0.1479   0.1152   0.1726   0.8533   0.5638   0.75     0.6323   0.2623
3    0.0019   0.8393   0.2852   0.0578   0.6078   0.7395   0.5607   0.5505
4    0.8933   0.3396   0.7787   0.7155   0.4158   0.436    0.0217   0.5839
5    0.4287   0.5165   0.4197   0.2256   0.503    0.977    0.2892   0.1648
6    0.5734   0.7589   0.8502   0.9651   0.5967   0.6189   0.8388   0.869
7    0.5814   0.5801   0.0327   0.7155   0.7796   0.8144   0.8475   0.4216
8    0.3419   0.0264   0.7559   0.3984   0.4287   0.5043   0.335    0.3998
9    0.4137   0.6794   0.6537   0.0206   0.8932   0.3882   0.103    0.2457
10   0.8768   0.8763   0.1792   0.1461   0.0932   0.5558   0.6587   0.0415
11   0.1214   0.0536   0.9127   0.0533   0.783    0.2513   0.7559   0.4506
12   0.7454   0.233    0.354    0.2006   0.7746   0.9771   0.2257   0.4715
13   0.9401   0.1982   0.0414   0.2877   0.5156   0.2914   0.4911   0.0476
14   0.7889   0.9394   0.4733   0.2019   0.166    0.7671   0.1832   0.5187
15   0.906    0.1915   0.2796   0.6177   0.6835   0.4407   0.8601   0.3504
16   0.936    0.2317   0.7316   0.495    0.0846   0.5612   0.8974   0.8128
17   0.0888   0.0019   0.8105   0.3543   0.3168   0.4948   0.0796   0.2775
18   0.6879   0.118    0.8746   0.5002   0.5508   0.3226   0.2843   0.0416
19   0.9587   0.6955   0.3848   0.0192   0.3555   0.3892   0.9733   0.6332

:      9        10       11       12       13       14      :=
1    0.7044   0.683    0.8072   0.2319   0.5612   0.2128
2    0.6583   0.5812   0.809    0.2979   0.4417   0.7719
3    0.3952   0.1281   0.8574   0.4533   0.5175   0.485
4    0.6872   0.7997   0.7846   0.6985   0.5522   0.4505
5    0.5677   0.5767   0.5122   0.557    0.8886   0.2473
6    0.431    0.5025   0.4607   0.5658   0.4622   0.8398
7    0.8568   0.4649   0.0174   0.0906   0.9775   0.8287
8    0.2075   0.095    0.6217   0.6241   0.6527   0.6459
9    0.8448   0.0302   0.0691   0.3252   0.2182   0.8084
10   0.8877   0.5533   0.084    0.7261   0.3882   0.6852
11   0.0189   0.6493   0.97     0.3429   0.0163   0.8257
12   0.9412   0.5145   0.6568   0.0584   0.6072   0.9084
13   0.8945   0.2825   0.3053   0.9046   0.3052   0.1842
14   0.2609   0.3687   0.9931   0.4473   0.6366   0.4245
15   0.3792   0.2587   0.5332   0.239    0.4754   0.51
16   0.3223   0.1445   0.2501   0.0329   0.7828   0.8625
17   0.9472   0.5599   0.3464   0.8181   0.2684   0.4608
18   0.9771   0.5119   0.0671   0.7804   0.6249   0.7636
19   0.6649   0.4253   0.8542   0.5805   0.1309   0.4326
;

