set P := 1 2 3 4 5 6 7 8 9 10 11 12 13 14;

set I := 1 2 3 4 5 6 7 8 9 10 11 12 13 14 15 16 17 18 19 20;

param 
v [*,*] (tr)
:      1        2        3        4        5        6        7        8      :=
1    0.1713   0.2312   0.4515   0.3526   0.5245   0.1358   0.3519   0.1392
2    0.9889   0.9135   0.673    0.4484   0.7102   0.4488   0.4773   0.8731
3    0.8379   0.0725   0.8637   0.7214   0.1026   0.3407   0.7824   0.4429
4    0.9335   0.9027   0.5829   0.4791   0.6233   0.6051   0.7406   0.7028
5    0.3627   0.7835   0.7502   0.3191   0.2681   0.855    0.5672   0.0574
6    0.7895   0.9183   0.3393   0.4484   0.2307   0.7121   0.4813   0.4092
7    0.1747   0.9492   0.2806   0.5623   0.5895   0.2259   0.9158   0.708
8    0.9546   0.5504   0.6454   0.6049   0.8392   0.9382   0.4895   0.2186
9    0.8383   0.1084   0.9425   0.8189   0.1027   0.9125   0.3175   0.9817
10   0.2839   0.1797   0.8875   0.9276   0.053    0.8758   0.7853   0.413
11   0.4489   0.7979   0.5719   0.0471   0.2125   0.0973   0.3752   0.0583
12   0.9192   0.7954   0.3708   0.3355   0.6236   0.6435   0.4392   0.2187
13   0.1286   0.7738   0.626    0.4463   0.3127   0.747    0.4349   0.5116
14   0.6116   0.9467   0.4969   0.3657   0.3509   0.8203   0.8164   0.3335
15   0.099    0.5761   0.4857   0.5832   0.147    0.4899   0.2168   0.4568
16   0.7918   0.5333   0.2084   0.8166   0.63     0.5261   0.6543   0.2765
17   0.2944   0.3117   0.4914   0.2558   0.364    0.7374   0.4444   0.7654
18   0.9227   0.2741   0.5438   0.6874   0.0072   0.7548   0.0741   0.9451
19   0.3872   0.5363   0.4433   0.7883   0.1172   0.9606   0.8649   0.2268
20   0.6739   0.4911   0.1      0.9729   0.0482   0.7066   0.9767   0.8878

:      9        10       11       12       13       14      :=
1    0.017    0.8092   0.0631   0.4421   0.5228   0.2756
2    0.2643   0.0148   0.9815   0.8663   0.8939   0.0245
3    0.5702   0.1123   0.5064   0.5169   0.3138   0.7902
4    0.1317   0.4595   0.4764   0.1926   0.0326   0.9028
5    0.213    0.8781   0.3682   0.183    0.1412   0.8469
6    0.0893   0.3207   0.7419   0.3463   0.1978   0.4174
7    0.627    0.7693   0.4691   0.2084   0.2891   0.4858
8    0.6007   0.5292   0.69     0.1857   0.4611   0.2902
9    0.8216   0.4354   0.8321   0.7711   0.9728   0.8811
10   0.5663   0.2423   0.82     0.54     0.2007   0.8912
11   0.6933   0.7828   0.6316   0.4118   0.5153   0.3281
12   0.181    0.8099   0.2208   0.65     0.0274   0.8543
13   0.5518   0.2729   0.5762   0.9602   0.1821   0.1537
14   0.1329   0.6673   0.2113   0.968    0.9313   0.044
15   0.4926   0.1436   0.6796   0.947    0.7839   0.8017
16   0.0757   0.9196   0.0211   0.0983   0.6393   0.3924
17   0.7494   0.2059   0.939    0.4151   0.068    0.3505
18   0.2525   0.4887   0.3657   0.0546   0.5941   0.5789
19   0.1811   0.0925   0.2946   0.2468   0.9256   0.9054
20   0.2341   0.8507   0.1794   0.8707   0.0701   0.0557
;

