set P := 1 2 3 4 5 6 7 8 9 10 11 12 13 14 15;

set I := 1 2 3 4 5 6 7 8 9 10 11;

param 
v [*,*]
:      1        2        3        4        5        6        7        8      :=
1    0.9711   0.5138   0.1728   0.4779   0.739    0.6988   0.7872   0.4447
2    0.8345   0.3849   0.6885   0.5404   0.2526   0.9296   0.7654   0.7421
3    0.7157   0.7665   0.0834   0.2838   0.4645   0.2229   0.7563   0.866
4    0.4845   0.0822   0.936    0.7817   0.4357   0.5401   0.6574   0.2555
5    0.2128   0.4552   0.0824   0.2569   0.6464   0.5276   0.0768   0.6328
6    0.7605   0.2757   0.3623   0.0842   0.6598   0.5195   0.5432   0.8453
7    0.1535   0.8577   0.3402   0.0106   0.8118   0.4368   0.0261   0.5852
8    0.5635   0.7372   0.0267   0.6951   0.8229   0.4528   0.6566   0.413
9    0.9232   0.7387   0.3371   0.9974   0.4978   0.1378   0.7005   0.3317
10   0.9398   0.8062   0.0243   0.788    0.8486   0.7625   0.8324   0.036
11   0.5467   0.2998   0.7401   0.8295   0.3143   0.0411   0.0869   0.8969
12   0.484    0.4675   0.9036   0.6959   0.3838   0.1128   0.6442   0.599
13   0.5633   0.7603   0.476    0.3083   0.3259   0.0514   0.1082   0.3123
14   0.1037   0.4318   0.7703   0.5477   0.6744   0.6425   0.292    0.9164
15   0.028    0.1307   0.6344   0.9518   0.0993   0.4763   0.6399   0.9356

:      9        10       11      :=
1    0.8428   0.5154   0.1695
2    0.7694   0.9542   0.4143
3    0.5081   0.77     0.9386
4    0.6388   0.3919   0.2279
5    0.5904   0.7666   0.4521
6    0.4751   0.307    0.3763
7    0.2106   0.4269   0.327
8    0.4332   0.2879   0.6431
9    0.2631   0.3232   0.5129
10   0.9983   0.9699   0.0923
11   0.7584   0.3969   0.1959
12   0.4003   0.5284   0.653
13   0.1554   0.9363   0.8082
14   0.8365   0.7958   0.242
15   0.3687   0.9545   0.5822
;

