set P := 1 2 3 4 5 6 7 8 9 10 11 12 13 14 15;

set I := 1 2 3 4 5 6 7 8 9 10 11 12 13 14;

param 
v [*,*]
:      1        2        3        4        5        6        7        8      :=
1    0.4025   0.241    0.5207   0.9774   0.4419   0.9753   0.8854   0.4872
2    0.6735   0.3119   0.0548   0.1912   0.0669   0.433    0.1491   0.8203
3    0.1143   0.6842   0.2752   0.3224   0.8345   0.0808   0.865    0.0488
4    0.085    0.1395   0.1574   0.8065   0.8257   0.3096   0.7009   0.1174
5    0.3286   0.5747   0.9267   0.9035   0.859    0.732    0.0351   0.3782
6    0.9899   0.7532   0.2896   0.1125   0.1418   0.6064   0.6915   0.8594
7    0.9054   0.6508   0.5204   0.715    0.295    0.7664   0.0797   0.858
8    0.7109   0.0985   0.2923   0.967    0.0645   0.7258   0.6655   0.8542
9    0.6002   0.6284   0.5262   0.9893   0.4677   0.6891   0.6142   0.3093
10   0.4442   0.953    0.4366   0.2683   0.046    0.7373   0.9306   0.7456
11   0.699    0.2428   0.1885   0.5358   0.5606   0.3442   0.5466   0.9446
12   0.6917   0.8477   0.6462   0.2776   0.5757   0.7503   0.1981   0.8534
13   0.2569   0.3153   0.5875   0.0524   0.3465   0.0915   0.2011   0.8244
14   0.9363   0.2486   0.1326   0.9594   0.8926   0.3043   0.4805   0.6266
15   0.6615   0.8788   0.6449   0.3332   0.4036   0.9716   0.2849   0.8509

:      9        10       11       12       13       14      :=
1    0.6963   0.353    0.7013   0.6256   0.3014   0.0687
2    0.9377   0.3979   0.8597   0.4652   0.6156   0.6514
3    0.0673   0.7303   0.5298   0.7918   0.466    0.1825
4    0.9928   0.493    0.901    0.9607   0.5732   0.1816
5    0.5594   0.7386   0.3612   0.6112   0.1496   0.8017
6    0.316    0.809    0.7916   0.7408   0.3442   0.4684
7    0.8309   0.8668   0.6126   0.4127   0.7712   0.4692
8    0.5175   0.295    0.4941   0.5139   0.2718   0.0056
9    0.545    0.7895   0.1057   0.6623   0.3208   0.3003
10   0.4194   0.0595   0.6167   0.6523   0.8047   0.9231
11   0.0806   0.7166   0.8768   0.7281   0.4491   0.4304
12   0.0447   0.6323   0.2405   0.6686   0.4748   0.1609
13   0.5656   0.692    0.5605   0.6042   0.7394   0.0959
14   0.015    0.064    0.5368   0.1228   0.9093   0.1506
15   0.3342   0.1924   0.9615   0.918    0.6261   0.484
;

