set P := 1 2 3 4 5 6 7 8 9 10 11 12 13 14 15;

set I := 1 2 3 4 5 6 7 8 9 10 11 12 13 14 15 16;

param 
v [*,*] (tr)
:      1        2        3        4        5        6        7        8      :=
1    0.6005   0.3398   0.5614   0.5366   0.7099   0.3733   0.9203   0.69
2    0.5882   0.1318   0.5497   0.0625   0.4937   0.5406   0.2257   0.2032
3    0.945    0.4483   0.4043   0.9715   0.9021   0.9633   0.7119   0.8839
4    0.3781   0.7977   0.0274   0.9645   0.9164   0.9121   0.239    0.3629
5    0.7712   0.4869   0.2293   0.431    0.8847   0.5822   0.8271   0.9977
6    0.4819   0.4155   0.5796   0.0338   0.5394   0.2599   0.5998   0.8301
7    0.7323   0.3476   0.4646   0.5583   0.3669   0.4778   0.6089   0.246
8    0.6948   0.535    0.8971   0.2747   0.4518   0.9406   0.6654   0.7582
9    0.0475   0.7749   0.2921   0.0298   0.5094   0.1901   0.5286   0.2481
10   0.8213   0.0989   0.3145   0.2149   0.0433   0.7298   0.3119   0.6169
11   0.3859   0.4678   0.4932   0.8775   0.5174   0.0543   0.1102   0.8499
12   0.6248   0.3056   0.6107   0.3089   0.2009   0.3656   0.5596   0.0057
13   0.4615   0.9254   0.1474   0.1371   0.6134   0.5067   0.9593   0.2775
14   0.1172   0.7979   0.0946   0.6258   0.0144   0.5638   0.3108   0.2259
15   0.6055   0.6259   0.8459   0.1738   0.3637   0.9352   0.961    0.7409
16   0.6979   0.6121   0.3582   0.0031   0.8859   0.4297   0.7039   0.6663

:      9        10       11       12       13       14       15      :=
1    0.3168   0.1759   0.1944   0.4593   0.3085   0.0561   0.8358
2    0.7835   0.0357   0.4061   0.8731   0.2627   0.5814   0.9306
3    0.1784   0.0805   0.4772   0.8783   0.1457   0.1942   0.9816
4    0.9444   0.9053   0.8226   0.552    0.9686   0.3098   0.257
5    0.3101   0.9992   0.9286   0.2058   0.1183   0.917    0.0907
6    0.232    0.5925   0.7949   0.2996   0.6105   0.2534   0.9494
7    0.6527   0.2607   0.5498   0.1547   0.7845   0.0748   0.3118
8    0.6679   0.2789   0.2782   0.2323   0.1975   0.4698   0.2636
9    0.5305   0.8831   0.7301   0.8846   0.0352   0.5362   0.1832
10   0.5605   0.8513   0.8325   0.3101   0.3535   0.5857   0.9953
11   0.3242   0.1313   0.8711   0.4718   0.6308   0.8293   0.9089
12   0.1858   0.9109   0.4125   0.7761   0.0378   0.6315   0.2496
13   0.0796   0.4383   0.1148   0.4055   0.7827   0.9264   0.2272
14   0.2207   0.0513   0.3777   0.527    0.6764   0.9982   0.106
15   0.9298   0.4107   0.2746   0.0641   0.8003   0.5828   0.7568
16   0.8914   0.5984   0.2596   0.169    0.958    0.5327   0.7565
;

