set P := 1 2 3 4 5 6 7 8 9 10 11 12 13 14 15;

set I := 1 2 3 4 5 6 7 8 9 10 11 12 13 14 15 16 17;

param 
v [*,*] (tr)
:      1        2        3        4        5        6        7        8      :=
1    0.9268   0.7416   0.5867   0.0169   0.8428   0.2581   0.6005   0.7828
2    0.5835   0.1412   0.4131   0.7524   0.5417   0.8348   0.6261   0.6205
3    0.5469   0.0329   0.4898   0.6787   0.0743   0.4224   0.3308   0.2253
4    0.1223   0.3988   0.0563   0.9928   0.068    0.7031   0.8992   0.2313
5    0.1848   0.0453   0.2183   0.9501   0.3083   0.8259   0.1095   0.3091
6    0.2013   0.4485   0.7427   0.8227   0.3615   0.8801   0.5983   0.0283
7    0.8632   0.3635   0.3419   0.0064   0.5971   0.8884   0.8407   0.8569
8    0.2258   0.2223   0.5693   0.7494   0.6465   0.322    0.8934   0.7761
9    0.3379   0.1394   0.4604   0.2957   0.5448   0.7734   0.9031   0.7527
10   0.6649   0.2543   0.2585   0.7305   0.65     0.6058   0.0317   0.1542
11   0.4019   0.8465   0.2057   0.6519   0.9528   0.0773   0.6197   0.3711
12   0.6715   0.8948   0.3545   0.3746   0.8684   0.9853   0.6358   0.4315
13   0.4295   0.2729   0.3605   0.6536   0.7041   0.4248   0.2209   0.8745
14   0.9389   0.66     0.5048   0.6856   0.4995   0.8499   0.8435   0.6582
15   0.9173   0.1002   0.3143   0.4578   0.3651   0.3881   0.9817   0.4091
16   0.3074   0.6967   0.6926   0.6622   0.5404   0.7945   0.8599   0.2005
17   0.2013   0.1098   0.8544   0.6691   0.4513   0.9054   0.7233   0.3025

:      9        10       11       12       13       14       15      :=
1    0.3001   0.1151   0.3254   0.0752   0.61     0.2993   0.7375
2    0.4354   0.0703   0.1164   0.5182   0.201    0.0939   0.1606
3    0.7264   0.6381   0.2026   0.9248   0.6233   0.5216   0.1896
4    0.7421   0.097    0.5249   0.6445   0.373    0.6296   0.9502
5    0.303    0.0685   0.0376   0.7974   0.9959   0.9335   0.8711
6    0.1245   0.7631   0.0323   0.4455   0.4966   0.5036   0.4273
7    0.9569   0.8484   0.8525   0.9167   0.2138   0.6986   0.8719
8    0.2447   0.2616   0.6764   0.4892   0.3348   0.3445   0.0563
9    0.3266   0.9614   0.4737   0.0537   0.6301   0.5554   0.8448
10   0.2046   0.7599   0.2607   0.7639   0.9459   0.3864   0.2345
11   0.2858   0.6653   0.6098   0.1319   0.4274   0.3955   0.2593
12   0.2056   0.732    0.3864   0.0233   0.0326   0.0339   0.1456
13   0.2533   0.0911   0.7885   0.7322   0.2729   0.7403   0.0082
14   0.2581   0.2187   0.5858   0.6247   0.5474   0.1778   0.557
15   0.2454   0.2596   0.0601   0.5566   0.9314   0.634    0.0867
16   0.3142   0.5464   0.5554   0.3608   0.4431   0.2131   0.1159
17   0.1889   0.9167   0.8016   0.8502   0.0994   0.6202   0.7759
;

