set P := 1 2 3 4 5 6 7 8 9 10 11 12 13 14 15;

set I := 1 2 3 4 5 6 7 8 9 10 11 12 13 14 15 16 17 18;

param 
v [*,*] (tr)
:      1        2        3        4        5        6        7        8      :=
1    0.5609   0.5211   0.36     0.5198   0.4931   0.0758   0.6211   0.2928
2    0.0436   0.4629   0.7801   0.9122   0.1494   0.2246   0.2757   0.1991
3    0.4602   0.693    0.8483   0.4799   0.2216   0.0848   0.1639   0.5023
4    0.8052   0.5128   0.3269   0.6769   0.8855   0.5618   0.625    0.5748
5    0.1193   0.6592   0.3604   0.6317   0.1451   0.5018   0.6519   0.6413
6    0.8048   0.5275   0.642    0.2361   0.7469   0.7171   0.0705   0.2566
7    0.8091   0.0349   0.0848   0.6783   0.4719   0.8806   0.5233   0.6958
8    0.1841   0.7499   0.8493   0.6259   0.1227   0.8774   0.1087   0.245
9    0.1178   0.6474   0.6089   0.2009   0.8798   0.944    0.5375   0.4843
10   0.6199   0.3356   0.0541   0.1068   0.9355   0.3602   0.0392   0.7253
11   0.5627   0.221    0.9005   0.5846   0.1971   0.5212   0.4346   0.7964
12   0.4596   0.884    0.7904   0.4046   0.7384   0.8474   0.0759   0.1915
13   0.0833   0.7287   0.7596   0.7627   0.3305   0.4219   0.7738   0.8339
14   0.9513   0.6259   0.7148   0.8718   0.4356   0.8719   0.8842   0.6609
15   0.9416   0.2821   0.5791   0.2052   0.3794   0.1476   0.4475   0.2949
16   0.3815   0.4799   0.6567   0.945    0.0452   0.9777   0.8708   0.9182
17   0.3479   0.209    0.2818   0.0363   0.6221   0.4728   0.9917   0.9116
18   0.2651   0.6854   0.4525   0.8822   0.3224   0.9425   0.5082   0.986

:      9        10       11       12       13       14       15      :=
1    0.6662   0.1203   0.4368   0.2324   0.7839   0.4508   0.2969
2    0.0523   0.4142   0.4518   0.0314   0.8607   0.212    0.1053
3    0.5409   0.0084   0.6806   0.121    0.4489   0.4129   0.0327
4    0.6046   0.2576   0.045    0.0921   0.3423   0.2616   0.0182
5    0.4364   0.5033   0.1805   0.7792   0.5505   0.0905   0.9908
6    0.3173   0.2808   0.6288   0.9808   0.6068   0.9148   0.0676
7    0.1443   0.1878   0.4961   0.1096   0.1312   0.5035   0.6062
8    0.157    0.8939   0.4899   0.4906   0.1067   0.6587   0.4466
9    0.9417   0.4922   0.6683   0.0473   0.1003   0.0542   0.165
10   0.1533   0.7221   0.4403   0.915    0.7109   0.177    0.5752
11   0.0998   0.2594   0.6589   0.9942   0.7434   0.9006   0.2926
12   0.0765   0.0819   0.8131   0.49     0.947    0.989    0.4046
13   0.8132   0.3085   0.9873   0.0123   0.7308   0.4169   0.1583
14   0.025    0.4062   0.9798   0.7355   0.6678   0.0769   0.0337
15   0.5165   0.061    0.2844   0.2623   0.7226   0.7238   0.9869
16   0.7305   0.7162   0.8368   0.1519   0.2789   0.0666   0.3592
17   0.0096   0.4815   0.3451   0.703    0.41     0.6888   0.5652
18   0.7638   0.8025   0.8356   0.3219   0.8126   0.4971   0.9589
;

