set P := 1 2 3 4 5 6 7 8 9 10 11 12 13 14 15;

set I := 1 2 3 4 5 6 7 8 9 10 11 12 13 14 15 16 17 18 19;

param 
v [*,*] (tr)
:      1        2        3        4        5        6        7        8      :=
1    0.3263   0.7832   0.743    0.5866   0.962    0.4634   0.3454   0.1647
2    0.6563   0.3398   0.7232   0.7745   0.2749   0.121    0.3312   0.7705
3    0.8326   0.6917   0.113    0.5671   0.9332   0.5211   0.7274   0.0216
4    0.2635   0.8982   0.7412   0.1833   0.0229   0.5568   0.1693   0.976
5    0.4621   0.5859   0.4147   0.6644   0.3833   0.3269   0.89     0.4677
6    0.7385   0.3569   0.0669   0.4742   0.0309   0.5966   0.2076   0.3613
7    0.7036   0.7384   0.6074   0.4009   0.7632   0.7884   0.9062   0.9968
8    0.7807   0.2858   0.9621   0.4802   0.8385   0.5255   0.9716   0.4387
9    0.9548   0.4087   0.2677   0.605    0.2112   0.9325   0.6355   0.139
10   0.0606   0.9162   0.6609   0.8212   0.3967   0.1904   0.4442   0.5166
11   0.493    0.8338   0.1548   0.7605   0.5394   0.5183   0.7396   0.3341
12   0.7642   0.0276   0.3197   0.1155   0.804    0.837    0.7641   0.5569
13   0.4679   0.3999   0.7694   0.2223   0.7208   0.5313   0.4906   0.5573
14   0.7412   0.7259   0.0098   0.5243   0.7834   0.5493   0.9142   0.9797
15   0.2368   0.432    0.401    0.5583   0.1676   0.0483   0.052    0.269
16   0.3102   0.4053   0.5309   0.7715   0.7345   0.8684   0.6096   0.0135
17   0.6192   0.4884   0.2477   0.7788   0.4448   0.5465   0.3874   0.9076
18   0.9584   0.636    0.3077   0.0119   0.1734   0.7319   0.361    0.7635
19   0.631    0.4347   0.4915   0.3813   0.2863   0.1625   0.3955   0.7697

:      9        10       11       12       13       14       15      :=
1    0.2532   0.0941   0.4051   0.6775   0.0988   0.0965   0.0915
2    0.0818   0.198    0.7      0.5989   0.0347   0.7906   0.8091
3    0.8781   0.535    0.1682   0.7776   0.4824   0.9013   0.714
4    0.5842   0.0235   0.2207   0.6641   0.3772   0.3189   0.8978
5    0.8334   0.6843   0.7351   0.8222   0.0199   0.0992   0.5427
6    0.4043   0.9082   0.1431   0.6191   0.8476   0.829    0.9353
7    0.6687   0.621    0.6462   0.2415   0.1167   0.7271   0.9869
8    0.777    0.0011   0.5663   0.9235   0.8641   0.4853   0.9993
9    0.1611   0.6151   0.7742   0.7449   0.1333   0.5523   0.6014
10   0.3123   0.068    0.776    0.5065   0.6661   0.1886   0.4001
11   0.3408   0.6386   0.6441   0.5598   0.8486   0.7383   0.9135
12   0.5363   0.4559   0.237    0.9992   0.5825   0.0058   0.2166
13   0.4168   0.9273   0.5925   0.7965   0.0534   0.5198   0.5773
14   0.8344   0.8479   0.4456   0.7299   0.8707   0.6587   0.7508
15   0.5436   0.5586   0.1048   0.3461   0.2106   0.6585   0.5658
16   0.8374   0.9054   0.9885   0.1148   0.1847   0.7619   0.6327
17   0.3201   0.5685   0.3687   0.9093   0.9193   0.2714   0.7718
18   0.1617   0.9264   0.3914   0.9386   0.7532   0.8176   0.3621
19   0.2651   0.7798   0.3422   0.9501   0.6466   0.2368   0.4891
;

