set P := 1 2 3 4 5 6 7 8 9 10 11 12 13 14 15;

set I := 1 2 3 4 5 6 7 8 9 10 11 12 13 14 15 16 17 18 19 20;

param 
v [*,*] (tr)
:      1        2        3        4        5        6        7        8      :=
1    0.1407   0.9136   0.9491   0.1817   0.5847   0.8863   0.4213   0.4748
2    0.1467   0.795    0.6031   0.4779   0.7207   0.9632   0.929    0.8196
3    0.6018   0.2671   0.3549   0.5582   0.8123   0.5543   0.5509   0.2271
4    0.9554   0.6057   0.1945   0.108    0.4208   0.3109   0.0387   0.0515
5    0.0347   0.4803   0.2714   0.7274   0.4003   0.7207   0.2477   0.4278
6    0.7698   0.0676   0.1664   0.2791   0.7382   0.9275   0.9728   0.2484
7    0.174    0.8179   0.3826   0.3622   0.4351   0.8201   0.0875   0.807
8    0.5313   0.0167   0.7273   0.5872   0.6481   0.9884   0.479    0.4966
9    0.3      0.505    0.43     0.3607   0.8533   0.9875   0.1873   0.4088
10   0.3512   0.3441   0.8634   0.7233   0.101    0.3872   0.7868   0.7848
11   0.8647   0.3801   0.9901   0.9655   0.1191   0.8277   0.8043   0.0733
12   0.2973   0.8792   0.3237   0.178    0.706    0.1775   0.285    0.8788
13   0.44     0.7496   0.17     0.9833   0.6721   0.4098   0.3618   0.1099
14   0.4564   0.1389   0.6172   0.6979   0.7563   0.5108   0.7319   0.1582
15   0.0158   0.915    0.3457   0.8441   0.4292   0.0452   0.0028   0.6248
16   0.4405   0.472    0.922    0.1483   0.0754   0.5539   0.7414   0.8465
17   0.6476   0.4358   0.7955   0.0802   0.9867   0.9144   0.6835   0.4221
18   0.7245   0.6036   0.9381   0.4722   0.4996   0.6833   0.6142   0.4059
19   0.7233   0.2152   0.6872   0.7152   0.2416   0.5882   0.6859   0.977
20   0.8309   0.5759   0.0438   0.9299   0.1026   0.7959   0.1842   0.7779

:      9        10       11       12       13       14       15      :=
1    0.4634   0.806    0.5296   0.789    0.3174   0.881    0.8575
2    0.093    0.1729   0.0092   0.3234   0.8275   0.4434   0.2409
3    0.345    0.4782   0.9351   0.8918   0.4845   0.3526   0.6335
4    0.3183   0.1748   0.774    0.6293   0.5363   0.3519   0.5665
5    0.6523   0.4897   0.7848   0.5555   0.5777   0.846    0.0691
6    0.6413   0.5037   0.1984   0.6867   0.9431   0.9368   0.3806
7    0.114    0.2281   0.8142   0.3568   0.0099   0.7153   0.4315
8    0.4611   0.0527   0.6869   0.5457   0.6598   0.9052   0.2322
9    0.3668   0.1011   0.7926   0.5688   0.4002   0.2217   0.2363
10   0.128    0.1354   0.7235   0.1614   0.5704   0.6504   0.4551
11   0.8209   0.9309   0.3205   0.5474   0.9687   0.5654   0.3995
12   0.1659   0.8747   0.4866   0.934    0.197    0.3393   0.913
13   0.1875   0.2315   0.4617   0.7669   0.4027   0.8557   0.5771
14   0.5263   0.2992   0.2558   0.3345   0.5544   0.5007   0.998
15   0.8735   0.378    0.6444   0.6673   0.7355   0.8854   0.0393
16   0.5719   0.2276   0.771    0.5216   0.4159   0.5003   0.1943
17   0.0276   0.6741   0.8463   0.8624   0.6873   0.4307   0.9031
18   0.8765   0.7769   0.5709   0.3234   0.0486   0.4544   0.7821
19   0.3891   0.1941   0.7196   0.4141   0.6581   0.0114   0.5155
20   0.1887   0.729    0.6051   0.1456   0.9284   0.6396   0.4522
;

