set P := 1 2 3 4 5 6 7 8 9 10 11 12 13 14 15 16;

set I := 1 2 3 4 5 6 7 8 9;

param 
v [*,*]
:      1        2        3        4        5        6        7        8      :=
1    0.9872   0.7312   0.2694   0.4199   0.0077   0.3839   0.3055   0.4005
2    0.2607   0.418    0.1332   0.8005   0.7825   0.0154   0.8154   0.05
3    0.6883   0.5808   0.8195   0.3384   0.0024   0.8851   0.9561   0.2905
4    0.5057   0.5351   0.8419   0.5176   0.7831   0.3208   0.8552   0.0049
5    0.7588   0.7469   0.9526   0.7358   0.7834   0.4981   0.9213   0.9817
6    0.2698   0.0847   0.5468   0.6766   0.523    0.907    0.0374   0.7318
7    0.2597   0.5035   0.2627   0.1405   0.6795   0.4907   0.9524   0.2452
8    0.6595   0.5502   0.668    0.6813   0.9662   0.8672   0.0122   0.036
9    0.5828   0.8655   0.7444   0.4795   0.4539   0.5542   0.9226   0.7745
10   0.0265   0.1584   0.0828   0.2884   0.867    0.0776   0.5617   0.6827
11   0.8999   0.9384   0.6637   0.7228   0.8513   0.8001   0.5029   0.9188
12   0.7035   0.0651   0.2936   0.4065   0.4876   0.289    0.2893   0.6095
13   0.0261   0.6537   0.2495   0.4141   0.7358   0.1113   0.8454   0.8864
14   0.0228   0.5194   0.2206   0.1405   0.8044   0.595    0.6418   0.8372
15   0.5474   0.3922   0.3222   0.7656   0.8208   0.2731   0.0406   0.6601
16   0.7036   0.3335   0.3655   0.6419   0.6662   0.4559   0.3649   0.4601

:      9       :=
1    0.5625
2    0.2616
3    0.3744
4    0.9759
5    0.8853
6    0.9877
7    0.9931
8    0.1422
9    0.7107
10   0.413
11   0.1424
12   0.8696
13   0.4554
14   0.6499
15   0.9467
16   0.0154
;

