set P := 1 2 3 4 5 6 7 8 9 10 11 12 13 14 15 16;

set I := 1 2 3 4 5 6 7 8 9 10;

param 
v [*,*]
:      1        2        3        4        5        6        7        8      :=
1    0.5129   0.876    0.517    0.6017   0.2477   0.7481   0.6892   0.47
2    0.7088   0.6478   0.2224   0.3785   0.4662   0.3079   0.826    0.2157
3    0.2312   0.8788   0.4325   0.2754   0.9592   0.5473   0.807    0.3703
4    0.5972   0.9465   0.0838   0.8876   0.8427   0.49     0.9998   0.218
5    0.2905   0.2665   0.6512   0.3943   0.1762   0.2621   0.5779   0.0018
6    0.8765   0.6866   0.6884   0.9503   0.2283   0.3734   0.4721   0.0201
7    0.4553   0.2172   0.9383   0.3387   0.3089   0.9843   0.6093   0.6203
8    0.6351   0.2231   0.5644   0.8056   0.0163   0.3972   0.0204   0.9174
9    0.4168   0.1654   0.4779   0.6843   0.0036   0.8982   0.4038   0.8931
10   0.7573   0.2073   0.1744   0.7619   0.639    0.744    0.7413   0.6092
11   0.6831   0.5276   0.2295   0.7803   0.9872   0.1494   0.6923   0.4737
12   0.7174   0.1992   0.0436   0.8411   0.7317   0.8783   0.9907   0.7534
13   0.0695   0.9011   0.5773   0.3699   0.4063   0.075    0.534    0.5344
14   0.471    0.2291   0.8295   0.2007   0.1539   0.8931   0.6708   0.5042
15   0.8295   0.5605   0.8994   0.4945   0.189    0.155    0.8536   0.1085
16   0.9338   0.3671   0.3995   0.6891   0.809    0.0442   0.4219   0.0129

:      9        10      :=
1    0.6133   0.5792
2    0.6102   0.8384
3    0.8518   0.9762
4    0.4214   0.7531
5    0.2059   0.401
6    0.2599   0.771
7    0.9346   0.1864
8    0.5242   0.4421
9    0.0544   0.1697
10   0.8354   0.5337
11   0.8143   0.0172
12   0.7252   0.4887
13   0.6557   0.6286
14   0.0742   0.2295
15   0.3781   0.5407
16   0.3797   0.4722
;

