set P := 1 2 3 4 5 6 7 8 9 10 11 12 13 14 15 16;

set I := 1 2 3 4 5 6 7 8 9 10 11;

param 
v [*,*]
:      1        2        3        4        5        6        7        8      :=
1    0.5491   0.3001   0.3537   0.2796   0.8276   0.8787   0.2024   0.0309
2    0.0112   0.2235   0.8585   0.6077   0.8086   0.4799   0.5474   0.0369
3    0.8893   0.304    0.1341   0.08     0.9836   0.4      0.1823   0.0915
4    0.0282   0.5682   0.8675   0.1794   0.2081   0.8891   0.4144   0.7927
5    0.2624   0.7498   0.8119   0.0354   0.1276   0.3268   0.6852   0.7519
6    0.749    0.4727   0.2291   0.338    0.706    0.1382   0.6409   0.2006
7    0.0233   0.2003   0.8317   0.9026   0.3609   0.0468   0.5624   0.8011
8    0.4594   0.2667   0.6095   0.2678   0.4454   0.2569   0.8231   0.3028
9    0.614    0.8865   0.0711   0.6063   0.57     0.5071   0.7094   0.3256
10   0.5909   0.398    0.967    0.2783   0.3207   0.8638   0.5814   0.6603
11   0.8709   0.0893   0.0707   0.0802   0.9205   0.8578   0.1951   0.4316
12   0.1981   0.5186   0.3119   0.0251   0.3434   0.2301   0.6906   0.0798
13   0.3655   0.6321   0.8816   0.7988   0.3069   0.4942   0.784    0.2008
14   0.9984   0.9958   0.7115   0.2934   0.8538   0.4187   0.7483   0.371
15   0.9274   0.9094   0.5821   0.5418   0.6358   0.4793   0.9992   0.563
16   0.3945   0.8818   0.9068   0.1083   0.3525   0.0914   0.2586   0.8503

:      9        10       11      :=
1    0.7798   0.7893   0.764
2    0.8372   0.8248   0.8902
3    0.0568   0.3952   0.7256
4    0.1974   0.0215   0.6739
5    0.0144   0.5234   0.3303
6    0.3118   0.226    0.8772
7    0.6549   0.2746   0.4671
8    0.3999   0.8412   0.741
9    0.1233   0.4539   0.0415
10   0.6649   0.1493   0.6433
11   0.4536   0.8399   0.2326
12   0.4011   0.503    0.9307
13   0.1076   0.3209   0.5782
14   0.4102   0.0981   0.6118
15   0.3831   0.4448   0.3713
16   0.1592   0.1027   0.9948
;

