set P := 1 2 3 4 5 6 7 8 9 10 11 12 13 14 15 16;

set I := 1 2 3 4 5 6 7 8 9 10 11 12;

param 
v [*,*]
:      1        2        3        4        5        6        7        8      :=
1    0.9093   0.0922   0.9835   0.7258   0.6874   0.1451   0.774    0.3806
2    0.5789   0.487    0.8123   0.9507   0.4588   0.3926   0.099    0.0097
3    0.9528   0.3252   0.4213   0.9791   0.9787   0.966    0.0404   0.0867
4    0.6055   0.8931   0.7826   0.8863   0.0374   0.7338   0.0804   0.8454
5    0.0279   0.5156   0.9955   0.9981   0.837    0.8554   0.3258   0.4574
6    0.2278   0.2487   0.8839   0.4223   0.0783   0.6      0.1552   0.0286
7    0.2244   0.0888   0.4252   0.2292   0.4018   0.5722   0.5245   0.6839
8    0.0074   0.2341   0.0597   0.3965   0.2067   0.3879   0.5325   0.9087
9    0.9128   0.7408   0.4943   0.2892   0.7889   0.8153   0.8195   0.3946
10   0.5035   0.2055   0.7097   0.8738   0.1956   0.8628   0.4948   0.9891
11   0.7199   0.3988   0.6736   0.0404   0.7007   0.9518   0.2202   0.5214
12   0.9026   0.7617   0.7692   0.6905   0.2064   0.9362   0.6776   0.5545
13   0.4683   0.5492   0.8032   0.7178   0.1709   0.7939   0.6138   0.7273
14   0.7914   0.4158   0.1516   0.0186   0.9228   0.6149   0.1667   0.7736
15   0.7042   0.3241   0.0074   0.7566   0.5015   0.3917   0.3703   0.0734
16   0.719    0.2863   0.2193   0.7657   0.4697   0.1219   0.552    0.9354

:      9        10       11       12      :=
1    0.7411   0.7441   0.0789   0.6615
2    0.7412   0.4362   0.4861   0.6299
3    0.5024   0.9215   0.1081   0.3162
4    0.2522   0.1237   0.4355   0.2401
5    0.4092   0.6016   0.0327   0.1907
6    0.0449   0.6077   0.2466   0.0459
7    0.2327   0.6194   0.3245   0.2263
8    0.2116   0.8602   0.0967   0.9133
9    0.8031   0.7352   0.3593   0.0441
10   0.7054   0.1239   0.857    0.3836
11   0.2426   0.6904   0.9655   0.1084
12   0.9306   0.989    0.885    0.5343
13   0.1689   0.9743   0.2711   0.6001
14   0.2831   0.4349   0.965    0.7886
15   0.3555   0.8736   0.0471   0.0044
16   0.4633   0.7224   0.6944   0.6659
;

