set P := 1 2 3 4 5 6 7 8 9 10 11 12 13 14 15 16;

set I := 1 2 3 4 5 6 7 8 9 10 11 12 13;

param 
v [*,*]
:      1        2        3        4        5        6        7        8      :=
1    0.2194   0.6869   0.3855   0.7746   0.4542   0.9487   0.96     0.4362
2    0.1191   0.215    0.9755   0.3602   0.0864   0.1538   0.5446   0.9395
3    0.4829   0.5238   0.6076   0.2638   0.8714   0.7512   0.8983   0.4643
4    0.7952   0.9194   0.2217   0.2876   0.7284   0.51     0.1396   0.4613
5    0.0543   0.0281   0.6983   0.9433   0.4737   0.905    0.7583   0.9821
6    0.0219   0.1155   0.9055   0.4231   0.1098   0.8798   0.2151   0.8858
7    0.6266   0.698    0.6349   0.1155   0.4454   0.5313   0.0779   0.5899
8    0.5373   0.9997   0.0443   0.5937   0.8577   0.0729   0.5596   0.7976
9    0.2257   0.939    0.3029   0.9768   0.0945   0.6159   0.3798   0.0597
10   0.1404   0.9958   0.429    0.7363   0.0666   0.3002   0.8309   0.1882
11   0.2384   0.2314   0.6011   0.1975   0.5815   0.5393   0.4794   0.4893
12   0.9679   0.9696   0.8043   0.6775   0.1039   0.1649   0.5494   0.1709
13   0.4814   0.3186   0.7593   0.2198   0.4176   0.176    0.7351   0.2402
14   0.0441   0.7434   0.2481   0.1499   0.4256   0.8347   0.4911   0.2943
15   0.7811   0.9497   0.7975   0.6975   0.8563   0.2767   0.011    0.9845
16   0.061    0.7895   0.1009   0.6193   0.7321   0.7244   0.1727   0.7554

:      9        10       11       12       13      :=
1    0.2301   0.548    0.2232   0.8988   0.5186
2    0.1885   0.3177   0.3918   0.3408   0.0017
3    0.9397   0.9298   0.662    0.3494   0.7278
4    0.9919   0.7292   0.3153   0.0548   0.2441
5    0.1813   0.8687   0.26     0.273    0.0338
6    0.2362   0.9043   0.0635   0.2426   0.4942
7    0.3185   0.7104   0.5773   0.3523   0.9824
8    0.0087   0.1573   0.2652   0.9761   0.8731
9    0.9527   0.664    0.4526   0.7494   0.3077
10   0.9333   0.4907   0.31     0.5968   0.5467
11   0.3727   0.9306   0.046    0.9586   0.8415
12   0.9883   0.4896   0.1318   0.1759   0.4778
13   0.184    0.5126   0.2155   0.0259   0.0914
14   0.1845   0.6641   0.6291   0.8295   0.8057
15   0.2951   0.8706   0.0016   0.7139   0.4065
16   0.5992   0.7746   0.938    0.8699   0.8475
;

