set P := 1 2 3 4 5 6 7 8 9 10 11 12 13 14 15 16;

set I := 1 2 3 4 5 6 7 8 9 10 11 12 13 14;

param 
v [*,*]
:      1        2        3        4        5        6        7        8      :=
1    0.8296   0.5913   0.4622   0.0499   0.0325   0.4841   0.6074   0.4552
2    0.5385   0.5467   0.4188   0.7089   0.3037   0.9232   0.9334   0.4464
3    0.718    0.9227   0.6222   0.0283   0.1779   0.2069   0.945    0.508
4    0.5057   0.7842   0.4005   0.0193   0.5384   0.1731   0.3076   0.209
5    0.723    0.4839   0.9814   0.94     0.8175   0.8053   0.3256   0.7493
6    0.2143   0.9115   0.0515   0.5481   0.1283   0.5421   0.4698   0.1131
7    0.6357   0.4114   0.8434   0.2005   0.8822   0.7672   0.508    0.7029
8    0.8444   0.2331   0.5657   0.5534   0.1159   0.2617   0.3493   0.7774
9    0.5224   0.5489   0.7754   0.8353   0.7086   0.7618   0.0519   0.9502
10   0.782    0.1061   0.976    0.1283   0.1453   0.5805   0.1208   0.9553
11   0.8968   0.7445   0.3777   0.4863   0.6168   0.5157   0.8304   0.2573
12   0.8638   0.6445   0.6353   0.2465   0.3189   0.6347   0.5359   0.3559
13   0.644    0.1105   0.656    0.1548   0.0963   0.0289   0.214    0.5778
14   0.8784   0.704    0.862    0.1705   0.6027   0.823    0.7958   0.2958
15   0.8528   0.5394   0.225    0.9755   0.4924   0.0739   0.1883   0.7118
16   0.927    0.6301   0.2546   0.6764   0.4623   0.2232   0.876    0.6705

:      9        10       11       12       13       14      :=
1    0.4718   0.8656   0.1017   0.7139   0.2232   0.6224
2    0.4345   0.4995   0.5699   0.5963   0.3963   0.3289
3    0.7728   0.6943   0.5671   0.3564   0.7821   0.312
4    0.643    0.2107   0.3193   0.3307   0.1203   0.0229
5    0.7791   0.2935   0.4815   0.127    0.7135   0.314
6    0.7514   0.8351   0.4374   0.7721   0.0968   0.0207
7    0.3038   0.0612   0.875    0.4627   0.9794   0.7539
8    0.1489   0.8109   0.366    0.8458   0.4646   0.4701
9    0.5622   0.3812   0.9458   0.7496   0.4325   0.7338
10   0.4634   0.9255   0.9662   0.6472   0.8457   0.0416
11   0.4466   0.3637   0.0118   0.1967   0.1811   0.5128
12   0.2611   0.0778   0.2855   0.7663   0.5844   0.5341
13   0.8038   0.2334   0.6032   0.3349   0.6557   0.0874
14   0.2032   0.5941   0.9977   0.5727   0.1362   0.8411
15   0.5959   0.3485   0.2209   0.3343   0.1569   0.2747
16   0.3472   0.0007   0.4059   0.1052   0.3276   0.6862
;

