set P := 1 2 3 4 5 6 7 8 9 10 11 12 13 14 15 16;

set I := 1 2 3 4 5 6 7 8 9 10 11 12 13 14 15;

param 
v [*,*]
:      1        2        3        4        5        6        7        8      :=
1    0.5608   0.1752   0.2865   0.3546   0.1422   0.8327   0.7578   0.5083
2    0.6764   0.3372   0.2532   0.2211   0.4983   0.6284   0.3674   0.0855
3    0.8135   0.5487   0.0641   0.8979   0.0509   0.1351   0.5513   0.2286
4    0.9883   0.5072   0.9154   0.6517   0.268    0.5734   0.5793   0.0104
5    0.4683   0.1656   0.2651   0.6361   0.3876   0.1727   0.8156   0.3676
6    0.2675   0.941    0.5467   0.0147   0.0004   0.9656   0.7      0.6075
7    0.8851   0.6516   0.454    0.788    0.189    0.5316   0.3281   0.9168
8    0.3357   0.5923   0.4293   0.1321   0.3592   0.7814   0.4683   0.1795
9    0.3681   0.1227   0.0628   0.0242   0.827    0.3716   0.3059   0.132
10   0.7724   0.4337   0.6681   0.5446   0.6266   0.5704   0.1696   0.9862
11   0.6311   0.1309   0.4579   0.6054   0.7055   0.1814   0.0365   0.8811
12   0.3261   0.9118   0.0356   0.4756   0.1279   0.3897   0.5401   0.8413
13   0.204    0.4047   0.1816   0.1558   0.4619   0.1112   0.7737   0.7103
14   0.8721   0.4528   0.3192   0.9795   0.3762   0.8819   0.8582   0.9974
15   0.1631   0.2841   0.1513   0.7528   0.3053   0.9341   0.2919   0.6647
16   0.6055   0.8636   0.2242   0.9109   0.4436   0.8492   0.746    0.7424

:      9        10       11       12       13       14       15      :=
1    0.149    0.6445   0.1793   0.405    0.4968   0.9857   0.2518
2    0.9919   0.5144   0.7165   0.5185   0.3893   0.2824   0.1741
3    0.8609   0.1161   0.0436   0.2713   0.5434   0.7987   0.1797
4    0.2768   0.4059   0.3771   0.6078   0.7529   0.0863   0.6197
5    0.6408   0.5422   0.0124   0.668    0.5475   0.707    0.4711
6    0.6425   0.2057   0.8684   0.5902   0.9129   0.0983   0.4743
7    0.5185   0.0229   0.736    0.7198   0.7783   0.2217   0.4929
8    0.3949   0.919    0.5968   0.4975   0.6894   0.1156   0.1915
9    0.3056   0.263    0.2499   0.7908   0.8284   0.4959   0.6874
10   0.6242   0.6172   0.7257   0.6998   0.8095   0.7      0.4407
11   0.9181   0.8185   0.3307   0.1903   0.8551   0.1726   0.5145
12   0.7857   0.0525   0.4108   0.1045   0.7226   0.518    0.4036
13   0.7633   0.2524   0.5139   0.2604   0.5622   0.1184   0.3383
14   0.3794   0.4258   0.0297   0.69     0.9176   0.5128   0.0082
15   0.0376   0.267    0.0369   0.6235   0.6208   0.3845   0.4142
16   0.2313   0.1931   0.2016   0.9444   0.3255   0.2796   0.9769
;

