set P := 1 2 3 4 5 6 7 8 9 10 11 12 13 14 15 16 17;

set I := 1 2 3 4 5 6 7 8 9;

param 
v [*,*]
:      1        2        3        4        5        6        7        8      :=
1    0.2307   0.7225   0.2815   0.3292   0.796    0.2776   0.7648   0.7688
2    0.1576   0.6641   0.3465   0.9684   0.1567   0.3212   0.7392   0.536
3    0.8303   0.3235   0.4145   0.834    0.1232   0.3173   0.433    0.8227
4    0.5084   0.6851   0.8076   0.6553   0.0355   0.4115   0.3798   0.8203
5    0.9012   0.9804   0.3098   0.7432   0.1734   0.2584   0.8873   0.9443
6    0.6493   0.8091   0.6769   0.6957   0.6887   0.2496   0.5382   0.6785
7    0.1565   0.7262   0.7427   0.0669   0.7227   0.5941   0.2698   0.492
8    0.4745   0.2029   0.6402   0.6781   0.606    0.1503   0.9341   0.0913
9    0.8214   0.5449   0.9705   0.5439   0.3866   0.5474   0.3938   0.5882
10   0.8696   0.4924   0.8738   0.234    0.3798   0.0281   0.6225   0.7666
11   0.5548   0.8697   0.5654   0.8597   0.3124   0.6987   0.1476   0.7609
12   0.1778   0.1455   0.5494   0.7552   0.4464   0.0681   0.1109   0.1202
13   0.2673   0.0669   0.4162   0.1018   0.1346   0.1929   0.3709   0.4607
14   0.8291   0.5393   0.6677   0.7675   0.276    0.4401   0.0973   0.1687
15   0.1218   0.2078   0.1049   0.4713   0.4173   0.8209   0.9197   0.7347
16   0.3543   0.7896   0.7043   0.3327   0.2131   0.56     0.8112   0.2208
17   0.305    0.5867   0.5224   0.3433   0.2964   0.307    0.0247   0.0943

:      9       :=
1    0.818
2    0.3593
3    0.8301
4    0.3866
5    0.5985
6    0.9244
7    0.8625
8    0.9288
9    0.7318
10   0.0048
11   0.4301
12   0.293
13   0.1278
14   0.4385
15   0.5571
16   0.4988
17   0.3169
;

