set P := 1 2 3 4 5 6 7 8 9 10 11 12 13 14 15 16 17;

set I := 1 2 3 4 5 6 7 8 9 10;

param 
v [*,*]
:      1        2        3        4        5        6        7        8      :=
1    0.321    0.0117   0.3876   0.0387   0.6977   0.9998   0.7259   0.5565
2    0.5382   0.5595   0.2029   0.7798   0.5759   0.0131   0.2566   0.3146
3    0.4151   0.4494   0.1423   0.3724   0.6813   0.7998   0.535    0.5663
4    0.6203   0.4432   0.5881   0.0265   0.1821   0.7327   0.4538   0.7816
5    0.9602   0.7857   0.317    0.2292   0.1017   0.2429   0.3786   0.3276
6    0.9068   0.6639   0.6082   0.2248   0.1101   0.7191   0.5461   0.6077
7    0.6019   0.7449   0.0529   0.9987   0.6247   0.4299   0.6656   0.0072
8    0.0092   0.4545   0.7987   0.1925   0.4378   0.2774   0.5827   0.771
9    0.1236   0.2489   0.8364   0.2615   0.7331   0.1085   0.5896   0.7772
10   0.9083   0.5864   0.3103   0.017    0.4592   0.2005   0.3025   0.8723
11   0.0691   0.9925   0.9756   0.567    0.027    0.9191   0.2887   0.7439
12   0.3878   0.659    0.0882   0.6775   0.1456   0.4063   0.1157   0.3693
13   0.5257   0.5196   0.7108   0.8808   0.9274   0.577    0.7593   0.3416
14   0.4205   0.7892   0.6511   0.1963   0.3043   0.3823   0.1627   0.7351
15   0.5081   0.3525   0.3454   0.6945   0.9995   0.3596   0.9137   0.8293
16   0.8717   0.9023   0.2346   0.5645   0.9778   0.1432   0.202    0.1772
17   0.3681   0.4144   0.2355   0.1798   0.8045   0.9443   0.004    0.0073

:      9        10      :=
1    0.8622   0.6317
2    0.1399   0.9759
3    0.9545   0.7413
4    0.027    0.9599
5    0.8507   0.8635
6    0.6492   0.0379
7    0.6137   0.812
8    0.0388   0.5883
9    0.2352   0.7255
10   0.1654   0.1937
11   0.4459   0.338
12   0.5709   0.5754
13   0.6026   0.7478
14   0.1799   0.6425
15   0.2004   0.2613
16   0.5299   0.8147
17   0.9124   0.6742
;

