set P := 1 2 3 4 5 6 7 8 9 10 11 12 13 14 15 16 17;

set I := 1 2 3 4 5 6 7 8 9 10 11;

param 
v [*,*]
:      1        2        3        4        5        6        7        8      :=
1    0.3223   0.8869   0.6664   0.9033   0.1585   0.7148   0.439    0.5497
2    0.3931   0.461    0.7203   0.6561   0.4994   0.9617   0.3413   0.6478
3    0.3121   0.811    0.1585   0.96     0.0894   0.6406   0.2835   0.6686
4    0.6977   0.0586   0.7918   0.5224   0.3008   0.7872   0.4929   0.4384
5    0.9223   0.6579   0.6142   0.0653   0.1929   0.0806   0.1532   0.8063
6    0.0151   0.4691   0.5844   0.2437   0.21     0.3572   0.6695   0.3336
7    0.2748   0.3425   0.8239   0.5849   0.6696   0.8774   0.373    0.318
8    0.1799   0.5654   0.7161   0.407    0.6286   0.5714   0.8849   0.6844
9    0.5831   0.1125   0.0264   0.8297   0.8081   0.5653   0.053    0.1201
10   0.3664   0.1377   0.3367   0.7879   0.0632   0.0334   0.8092   0.5515
11   0.7577   0.6189   0.0663   0.0145   0.275    0.2851   0.7458   0.2659
12   0.8239   0.3388   0.5449   0.4644   0.5244   0.3122   0.5348   0.2502
13   0.4365   0.3359   0.064    0.122    0.3563   0.0407   0.8096   0.9689
14   0.2336   0.408    0.6565   0.2774   0.5834   0.9899   0.2304   0.0343
15   0.9953   0.1152   0.0283   0.5139   0.8919   0.1557   0.2154   0.0346
16   0.1231   0.3909   0.7515   0.5408   0.9429   0.0839   0.2013   0.6819
17   0.6208   0.8071   0.5055   0.819    0.4205   0.7669   0.3377   0.529

:      9        10       11      :=
1    0.2425   0.1991   0.5622
2    0.9573   0.473    0.6905
3    0.0303   0.9779   0.1528
4    0.2552   0.5889   0.5086
5    0.6557   0.591    0.8658
6    0.3832   0.8884   0.0525
7    0.2834   0.4814   0.6426
8    0.407    0.7104   0.6861
9    0.2224   0.7542   0.5651
10   0.47     0.5677   0.7394
11   0.2518   0.6508   0.3246
12   0.1315   0.3805   0.7869
13   0.0016   0.0064   0.0378
14   0.5765   0.1163   0.4294
15   0.0379   0.5696   0.7466
16   0.741    0.7595   0.0374
17   0.3405   0.6808   0.8901
;

