set P := 1 2 3 4 5 6 7 8 9 10 11 12 13 14 15 16 17;

set I := 1 2 3 4 5 6 7 8 9 10 11 12;

param 
v [*,*]
:      1        2        3        4        5        6        7        8      :=
1    0.5903   0.0362   0.0292   0.7549   0.8911   0.8952   0.6012   0.936
2    0.7444   0.4532   0.7323   0.5955   0.8573   0.0908   0.9643   0.7799
3    0.3878   0.3029   0.4198   0.1584   0.3208   0.6172   0.1358   0.8328
4    0.7562   0.6096   0.2584   0.0205   0.3673   0.8668   0.9817   0.307
5    0.8801   0.8159   0.7259   0.1839   0.6259   0.3469   0.4415   0.0395
6    0.5777   0.2423   0.033    0.2742   0.5125   0.3296   0.4213   0.7199
7    0.3917   0.7496   0.4412   0.5074   0.8708   0.7102   0.1616   0.9987
8    0.9473   0.572    0.3927   0.1755   0.1274   0.6337   0.0411   0.2568
9    0.1303   0.158    0.9075   0.3274   0.3155   0.628    0.8124   0.1127
10   0.7352   0.9592   0.0941   0.4852   0.5424   0.1776   0.7689   0.4637
11   0.388    0.6481   0.7494   0.5592   0.6115   0.5115   0.5223   0.2144
12   0.4891   0.5176   0.8433   0.707    0.5498   0.8089   0.601    0.2848
13   0.5175   0.7561   0.0413   0.6815   0.0123   0.8914   0.7393   0.4851
14   0.6082   0.0002   0.1578   0.0939   0.3607   0.707    0.2967   0.2424
15   0.2456   0.6903   0.1355   0.3532   0.9343   0.5733   0.4216   0.7543
16   0.8194   0.6898   0.0433   0.7039   0.3865   0.9767   0.0209   0.2799
17   0.3896   0.104    0.9795   0.304    0.9405   0.4825   0.9893   0.9713

:      9        10       11       12      :=
1    0.3724   0.7254   0.5413   0.5112
2    0.2652   0.4748   0.7507   0.7496
3    0.9582   0.8622   0.3646   0.009
4    0.8056   0.8358   0.8185   0.8098
5    0.8847   0.2413   0.4581   0.6145
6    0.1721   0.4596   0.3536   0.8719
7    0.0371   0.9225   0.5597   0.6168
8    0.8382   0.0244   0.432    0.8719
9    0.5469   0.5313   0.5577   0.7056
10   0.0557   0.5831   0.8726   0.1356
11   0.1739   0.7362   0.7649   0.0813
12   0.2511   0.7298   0.6991   0.4258
13   0.9922   0.0314   0.3175   0.1976
14   0.1456   0.6631   0.7988   0.5993
15   0.4131   0.195    0.622    0.9095
16   0.7942   0.8829   0.438    0.6391
17   0.9197   0.6887   0.3543   0.6507
;

