set P := 1 2 3 4 5 6 7 8 9 10 11 12 13 14 15 16 17;

set I := 1 2 3 4 5 6 7 8 9 10 11 12 13;

param 
v [*,*]
:      1        2        3        4        5        6        7        8      :=
1    0.9949   0.342    0.7277   0.3301   0.2709   0.3836   0.1842   0.0172
2    0.3059   0.1376   0.1475   0.8477   0.5258   0.506    0.8815   0.8176
3    0.9571   0.9629   0.3203   0.9185   0.0518   0.895    0.517    0.9693
4    0.5844   0.2801   0.3977   0.5566   0.3499   0.0751   0.8036   0.5689
5    0.7699   0.589    0.9991   0.0881   0.3429   0.6013   0.0194   0.522
6    0.8357   0.2739   0.682    0.152    0.3283   0.2423   0.6587   0.2411
7    0.0787   0.8889   0.1051   0.579    0.1926   0.7361   0.1472   0.3611
8    0.0036   0.2656   0.7514   0.7329   0.0434   0.4151   0.3491   0.3371
9    0.8003   0.8235   0.2577   0.3485   0.8437   0.2688   0.3448   0.9603
10   0.705    0.1278   0.441    0.6743   0.8734   0.0313   0.61     0.0503
11   0.0942   0.9216   0.8062   0.6442   0.3969   0.7847   0.1584   0.1855
12   0.8836   0.8739   0.957    0.7318   0.1447   0.5431   0.2345   0.3261
13   0.8376   0.1703   0.5139   0.4903   0.0434   0.9989   0.2421   0.0218
14   0.3095   0.2815   0.5714   0.2621   0.927    0.9561   0.5821   0.291
15   0.7666   0.3949   0.076    0.6321   0.1271   0.5269   0.2341   0.6898
16   0.3885   0.8409   0.2179   0.0242   0.9297   0.8548   0.294    0.57
17   0.5004   0.8768   0.5438   0.3123   0.0686   0.5178   0.6743   0.7507

:      9        10       11       12       13      :=
1    0.5115   0.3917   0.7475   0.1742   0.7715
2    0.0851   0.8534   0.4664   0.1702   0.1011
3    0.6511   0.386    0.1979   0.9829   0.8041
4    0.6854   0.0667   0.4227   0.1618   0.7263
5    0.7709   0.9191   0.9052   0.8064   0.5574
6    0.9001   0.8524   0.4652   0.3631   0.731
7    0.7242   0.3306   0.513    0.9679   0.8271
8    0.6623   0.2638   0.3021   0.9747   0.537
9    0.9805   0.1933   0.8093   0.765    0.5508
10   0.5318   0.4787   0.8852   0.1653   0.4365
11   0.6399   0.5198   0.357    0.2007   0.3584
12   0.4961   0.7235   0.1021   0.7871   0.358
13   0.764    0.6543   0.2438   0.7002   0.3276
14   0.0145   0.5132   0.9438   0.4938   0.2741
15   0.4185   0.236    0.7356   0.4839   0.424
16   0.2855   0.6367   0.8111   0.9895   0.1097
17   0.9486   0.4469   0.3167   0.4833   0.0748
;

