set P := 1 2 3 4 5 6 7 8 9 10 11 12 13 14 15 16 17;

set I := 1 2 3 4 5 6 7 8 9 10 11 12 13 14;

param 
v [*,*]
:      1        2        3        4        5        6        7        8      :=
1    0.5102   0.8452   0.8321   0.9494   0.9541   0.9357   0.363    0.803
2    0.508    0.131    0.6184   0.8428   0.0411   0.029    0.328    0.8043
3    0.3065   0.0631   0.6988   0.7884   0.5319   0.1898   0.892    0.9226
4    0.2317   0.4555   0.8903   0.2941   0.2577   0.308    0.9762   0.493
5    0.625    0.9359   0.7053   0.5068   0.9658   0.6733   0.2246   0.7382
6    0.6538   0.0492   0.0157   0.6434   0.2152   0.6126   0.8228   0.7889
7    0.4476   0.8142   0.4018   0.7529   0.864    0.7987   0.2038   0.4762
8    0.8206   0.9106   0.0183   0.4369   0.7895   0.078    0.999    0.6187
9    0.5052   0.2019   0.9437   0.303    0.9952   0.9211   0.1234   0.8603
10   0.7836   0.3206   0.0397   0.1025   0.4445   0.9574   0.3786   0.6142
11   0.4351   0.1849   0.4576   0.088    0.407    0.1457   0.3236   0.7016
12   0.6236   0.5208   0.3421   0.3024   0.7271   0.1701   0.4767   0.1786
13   0.3361   0.0284   0.945    0.1014   0.3423   0.544    0.9782   0.1135
14   0.0481   0.3365   0.6879   0.1296   0.9309   0.1766   0.3058   0.9358
15   0.79     0.211    0.0634   0.2054   0.3243   0.894    0.9424   0.1281
16   0.4971   0.3753   0.0435   0.9118   0.1259   0.5737   0.9303   0.2276
17   0.8414   0.2014   0.8594   0.3453   0.8759   0.1261   0.8813   0.5492

:      9        10       11       12       13       14      :=
1    0.8152   0.3257   0.5295   0.3135   0.0192   0.2357
2    0.781    0.0972   0.1023   0.5005   0.1968   0.8982
3    0.0268   0.3953   0.7997   0.9366   0.7212   0.7064
4    0.9394   0.6327   0.5859   0.0291   0.1564   0.5509
5    0.1539   0.8897   0.6687   0.4949   0.9796   0.0579
6    0.9606   0.6885   0.7006   0.5239   0.7584   0.6983
7    0.7816   0.3095   0.7158   0.9338   0.2488   0.9671
8    0.7967   0.4424   0.582    0.1183   0.1892   0.4382
9    0.2752   0.6619   0.9357   0.3179   0.7253   0.2505
10   0.4023   0.6815   0.4424   0.5537   0.7225   0.3003
11   0.1402   0.7586   0.8263   0.3063   0.7035   0.1871
12   0.172    0.6775   0.3438   0.1951   0.7269   0.5266
13   0.6178   0.5316   0.0486   0.3826   0.6171   0.5267
14   0.3102   0.8149   0.0894   0.3529   0.0318   0.5909
15   0.5177   0.6637   0.3325   0.1474   0.582    0.318
16   0.6807   0.2904   0.2117   0.1783   0.2943   0.8437
17   0.9732   0.8787   0.8615   0.2346   0.0491   0.3641
;

