set P := 1 2 3 4 5 6 7 8 9 10 11 12 13 14 15 16 17;

set I := 1 2 3 4 5 6 7 8 9 10 11 12 13 14 15;

param 
v [*,*]
:      1        2        3        4        5        6        7        8      :=
1    0.7794   0.4673   0.3841   0.9491   0.4304   0.025    0.5846   0.8955
2    0.6434   0.7417   0.7992   0.621    0.7827   0.4084   0.2502   0.0414
3    0.6535   0.3229   0.5969   0.6098   0.4775   0.4061   0.5501   0.0055
4    0.0088   0.567    0.9025   0.5243   0.2716   0.3623   0.1419   0.0828
5    0.415    0.595    0.3888   0.0679   0.5811   0.4472   0.9674   0.6023
6    0.6443   0.6784   0.6358   0.5175   0.2279   0.4445   0.06     0.2322
7    0.8445   0.1916   0.2924   0.6472   0.9222   0.0006   0.0459   0.2843
8    0.9852   0.2273   0.304    0.4894   0.1763   0.4996   0.7559   0.0763
9    0.2905   0.0297   0.2689   0.4399   0.8764   0.4788   0.4997   0.3815
10   0.8412   0.85     0.5477   0.8948   0.5845   0.3308   0.0568   0.9219
11   0.619    0.4994   0.1047   0.0517   0.4303   0.7388   0.7569   0.8552
12   0.9881   0.2231   0.1493   0.9067   0.6993   0.1861   0.7165   0.5546
13   0.2323   0.1852   0.8235   0.799    0.3029   0.101    0.5569   0.8534
14   0.7791   0.9493   0.6216   0.5694   0.9347   0.1672   0.5595   0.5906
15   0.364    0.5877   0.6843   0.3614   0.9186   0.8373   0.2703   0.0415
16   0.4026   0.259    0.3961   0.1264   0.5941   0.858    0.9713   0.3048
17   0.8841   0.9754   0.6323   0.7548   0.9436   0.7584   0.3419   0.946

:      9        10       11       12       13       14       15      :=
1    0.0513   0.1841   0.0971   0.8668   0.1937   0.5207   0.1173
2    0.2044   0.4358   0.2353   0.9263   0.9436   0.8879   0.2917
3    0.6148   0.1473   0.8423   0.8339   0.8701   0.7609   0.9339
4    0.0353   0.8192   0.6764   0.2136   0.908    0.305    0.0896
5    0.3674   0.9091   0.3207   0.5042   0.8727   0.6429   0.1374
6    0.2292   0.7666   0.7618   0.9476   0.2909   0.9764   0.1138
7    0.3831   0.1103   0.4493   0.3547   0.0282   0.9382   0.3209
8    0.5569   0.7462   0.785    0.4828   0.7435   0.0565   0.7615
9    0.7827   0.2753   0.8299   0.8009   0.1281   0.1295   0.5045
10   0.3321   0.8372   0.1925   0.9983   0.727    0.9124   0.0532
11   0.1123   0.0912   0.9767   0.241    0.4446   0.6718   0.8006
12   0.1015   0.4612   0.5767   0.3351   0.6253   0.2559   0.9992
13   0.849    0.643    0.3576   0.4855   0.133    0.4467   0.9098
14   0.7381   0.6972   0.1897   0.7996   0.2596   0.8235   0.8018
15   0.5909   0.4014   0.1601   0.8854   0.3845   0.7821   0.8733
16   0.0644   0.054    0.6901   0.5623   0.0624   0.2185   0.0878
17   0.0752   0.6633   0.6941   0.3426   0.8064   0.0716   0.1738
;

