set P := 1 2 3 4 5 6 7 8 9 10 11 12 13 14 15 16 17 18;

set I := 1 2 3 4 5 6 7 8 9;

param 
v [*,*]
:      1        2        3        4        5        6        7        8      :=
1    0.3173   0.7317   0.9551   0.5532   0.2966   0.6562   0.1184   0.3236
2    0.7318   0.0271   0.8917   0.3737   0.7587   0.2832   0.4433   0.1406
3    0.1449   0.9663   0.3225   0.4631   0.9364   0.6537   0.2744   0.6101
4    0.9733   0.1459   0.0343   0.9008   0.561    0.7494   0.517    0.0118
5    0.6277   0.4771   0.4147   0.3168   0.2602   0.6643   0.4192   0.5854
6    0.032    0.6682   0.6981   0.9128   0.9416   0.7022   0.5092   0.7959
7    0.7883   0.9408   0.1163   0.2079   0.311    0.0112   0.5605   0.5041
8    0.4956   0.7309   0.161    0.7909   0.9842   0.4816   0.248    0.7122
9    0.1279   0.8055   0.5142   0.3626   0.763    0.6676   0.0243   0.0616
10   0.6589   0.6988   0.9198   0.6167   0.5869   0.012    0.3491   0.8406
11   0.8184   0.7035   0.1747   0.6155   0.0076   0.9397   0.8853   0.179
12   0.0338   0.095    0.5248   0.6588   0.645    0.9195   0.3919   0.3228
13   0.3126   0.9632   0.1282   0.0475   0.4153   0.5622   0.5789   0.1494
14   0.5922   0.8711   0.2746   0.6894   0.3678   0.7957   0.3529   0.3849
15   0.743    0.2076   0.9693   0.7736   0.8352   0.8712   0.3769   0.6729
16   0.868    0.7631   0.8486   0.5285   0.4714   0.0671   0.9683   0.7592
17   0.6306   0.1351   0.2677   0.1446   0.3238   0.2394   0.5574   0.7183
18   0.1581   0.5357   0.4971   0.5987   0.3672   0.9221   0.0342   0.0351

:      9       :=
1    0.2542
2    0.1322
3    0.6192
4    0.1933
5    0.5857
6    0.6567
7    0.2821
8    0.1306
9    0.1464
10   0.3487
11   0.4195
12   0.7229
13   0.6035
14   0.9301
15   0.1777
16   0.8099
17   0.9037
18   0.974
;

