set P := 1 2 3 4 5 6 7 8 9 10 11 12 13 14 15 16 17 18;

set I := 1 2 3 4 5 6 7 8 9 10;

param 
v [*,*]
:      1        2        3        4        5        6        7        8      :=
1    0.648    0.6942   0.3155   0.9267   0.4564   0.2698   0.7429   0.1196
2    0.0471   0.2374   0.8834   0.8444   0.9764   0.4446   0.8572   0.6432
3    0.0868   0.297    0.9196   0.3537   0.8214   0.823    0.414    0.8102
4    0.4691   0.8995   0.8619   0.4304   0.935    0.887    0.2488   0.5915
5    0.0342   0.4579   0.5148   0.6565   0.3947   0.2268   0.42     0.5821
6    0.5621   0.7573   0.0494   0.7289   0.5755   0.0522   0.8726   0.7233
7    0.3475   0.1823   0.9893   0.3507   0.369    0.855    0.4779   0.4578
8    0.0657   0.3476   0.1577   0.5654   0.3223   0.8984   0.4464   0.9102
9    0.2811   0.5391   0.7176   0.1324   0.389    0.6362   0.5088   0.8199
10   0.9651   0.882    0.3768   0.0089   0.8008   0.7884   0.0366   0.2565
11   0.9293   0.0527   0.2321   0.8478   0.5301   0.3078   0.4534   0.7134
12   0.4147   0.0751   0.6582   0.7143   0.8762   0.9165   0.2412   0.393
13   0.9462   0.8161   0.847    0.1502   0.9974   0.9076   0.4206   0.1801
14   0.9111   0.2721   0.3471   0.8733   0.4176   0.8303   0.6461   0.4856
15   0.411    0.929    0.3267   0.6969   0.7732   0.4805   0.8636   0.4808
16   0.2825   0.4978   0.3039   0.6533   0.6318   0.108    0.103    0.5038
17   0.6055   0.1528   0.3199   0.9321   0.9361   0.0004   0.7209   0.5225
18   0.578    0.5165   0.9181   0.6781   0.0814   0.6488   0.5704   0.7004

:      9        10      :=
1    0.3978   0.1867
2    0.9848   0.7132
3    0.561    0.2518
4    0.8919   0.318
5    0.7441   0.8152
6    0.9421   0.2389
7    0.49     0.2111
8    0.6184   0.1538
9    0.9467   0.8173
10   0.4071   0.6597
11   0.4726   0.7629
12   0.5073   0.7086
13   0.6394   0.166
14   0.571    0.3303
15   0.1377   0.4407
16   0.9955   0.2697
17   0.648    0.7886
18   0.0554   0.557
;

