set P := 1 2 3 4 5 6 7 8 9 10 11 12 13 14 15 16 17 18;

set I := 1 2 3 4 5 6 7 8 9 10 11;

param 
v [*,*]
:      1        2        3        4        5        6        7        8      :=
1    0.7943   0.4075   0.7492   0.1145   0.0639   0.5725   0.7898   0.0259
2    0.9141   0.2134   0.2356   0.6596   0.9859   0.6397   0.4251   0.2091
3    0.7292   0.012    0.2675   0.6064   0.7901   0.5639   0.5269   0.6185
4    0.9021   0.9867   0.7546   0.0849   0.5945   0.8406   0.8728   0.8993
5    0.5885   0.5328   0.2892   0.4368   0.9292   0.1834   0.8752   0.8775
6    0.42     0.4488   0.7032   0.7915   0.9231   0.4076   0.8072   0.3413
7    0.5079   0.7347   0.7404   0.3454   0.6715   0.0166   0.748    0.4216
8    0.6829   0.3667   0.7062   0.8427   0.5032   0.8791   0.4259   0.751
9    0.2386   0.0992   0.7002   0.1593   0.4572   0.1216   0.6962   0.4419
10   0.2176   0.5643   0.4355   0.2388   0.9474   0.3681   0.1483   0.9813
11   0.4369   0.9894   0.9402   0.2893   0.5665   0.0466   0.5365   0.9748
12   0.5689   0.4375   0.2178   0.9576   0.2045   0.289    0.9715   0.1254
13   0.175    0.3544   0.6517   0.0802   0.2003   0.8208   0.5285   0.0751
14   0.3001   0.5201   0.8221   0.6074   0.8134   0.6651   0.0647   0.1821
15   0.8195   0.7069   0.8422   0.4764   0.8294   0.3644   0.9482   0.5803
16   0.4835   0.0389   0.4876   0.8205   0.5405   0.9649   0.7226   0.5629
17   0.245    0.9728   0.4187   0.4482   0.8975   0.0109   0.2195   0.5993
18   0.492    0.155    0.202    0.2739   0.6562   0.7769   0.9601   0.0885

:      9        10       11      :=
1    0.441    0.7176   0.7199
2    0.0496   0.7881   0.6411
3    0.6409   0.3164   0.424
4    0.9424   0.7993   0.5671
5    0.0026   0.5836   0.2696
6    0.4961   0.8752   0.6043
7    0.2849   0.3224   0.758
8    0.5182   0.7518   0.6526
9    0.8063   0.438    0.1729
10   0.1762   0.8066   0.7904
11   0.9676   0.0467   0.2432
12   0.159    0.9322   0.1454
13   0.6685   0.0212   0.7463
14   0.5969   0.713    0.4771
15   0.8678   0.5791   0.454
16   0.4483   0.1151   0.0375
17   0.0487   0.0758   0.3019
18   0.0521   0.489    0.2292
;

