set P := 1 2 3 4 5 6 7 8 9 10 11 12 13 14 15 16 17 18;

set I := 1 2 3 4 5 6 7 8 9 10 11 12;

param 
v [*,*]
:      1        2        3        4        5        6        7        8      :=
1    0.0638   0.8401   0.3136   0.3016   0.3859   0.8062   0.6789   0.7605
2    0.6852   0.7999   0.3761   0.1859   0.247    0.2658   0.809    0.1477
3    0.9741   0.5581   0.1233   0.3803   0.8511   0.4264   0.4353   0.322
4    0.6134   0.0703   0.4477   0.0987   0.8111   0.1042   0.3331   0.9344
5    0.8446   0.1891   0.4761   0.9022   0.6012   0.692    0.5825   0.7231
6    0.6594   0.4998   0.7017   0.9366   0.7858   0.6394   0.1347   0.9814
7    0.7555   0.1431   0.7177   0.9957   0.9721   0.8999   0.3487   0.8076
8    0.9481   0.5904   0.1867   0.3949   0.5448   0.0743   0.1633   0.6907
9    0.9548   0.7471   0.1936   0.6603   0.5007   0.1874   0.3071   0.503
10   0.0175   0.2005   0.409    0.9554   0.6541   0.5019   0.9505   0.2813
11   0.1045   0.8321   0.8636   0.6094   0.363    0.2942   0.4364   0.7178
12   0.5955   0.5692   0.3128   0.6123   0.2655   0.3654   0.4481   0.7468
13   0.9312   0.6221   0.3807   0.358    0.2245   0.1616   0.1858   0.1707
14   0.7025   0.1667   0.8265   0.2193   0.6381   0.3722   0.1208   0.4691
15   0.2766   0.0237   0.9344   0.1581   0.6397   0.1081   0.3056   0.2257
16   0.7699   0.4982   0.8119   0.843    0.1169   0.2252   0.1183   0.102
17   0.0795   0.539    0.9546   0.3393   0.4875   0.0786   0.8295   0.5783
18   0.1197   0.7098   0.6106   0.4973   0.2685   0.52     0.4742   0.6918

:      9        10       11       12      :=
1    0.1991   0.6126   0.2019   0.9993
2    0.7308   0.0869   0.9732   0.1477
3    0.4153   0.9476   0.189    0.6419
4    0.8563   0.0855   0.5036   0.9095
5    0.6947   0.6482   0.5297   0.9356
6    0.5827   0.9751   0.6866   0.0622
7    0.3798   0.2088   0.7122   0.9708
8    0.5829   0.6749   0.5844   0.9041
9    0.5011   0.0068   0.9233   0.2711
10   0.3574   0.5611   0.5309   0.3748
11   0.5952   0.8809   0.9804   0.0167
12   0.446    0.8893   0.0541   0.0777
13   0.2763   0.1212   0.3516   0.4242
14   0.6682   0.8695   0.6457   0.809
15   0.3378   0.3118   0.1937   0.8243
16   0.9152   0.5271   0.9724   0.0389
17   0.2401   0.6376   0.498    0.6591
18   0.046    0.7554   0.5618   0.5286
;

