set P := 1 2 3 4 5 6 7 8 9 10 11 12 13 14 15 16 17 18;

set I := 1 2 3 4 5 6 7 8 9 10 11 12 13;

param 
v [*,*]
:      1        2        3        4        5        6        7        8      :=
1    0.0919   0.5031   0.2367   0.548    0.3502   0.5049   0.6      0.2701
2    0.0585   0.0564   0.6572   0.623    0.3532   0.7228   0.0244   0.9587
3    0.3371   0.9927   0.5515   0.3027   0.3065   0.3841   0.92     0.7892
4    0.2304   0.9694   0.2155   0.6352   0.9165   0.736    0.1739   0.7113
5    0.4859   0.1536   0.6006   0.3115   0.4228   0.0329   0.8981   0.5933
6    0.8686   0.8254   0.6931   0.6985   0.2503   0.1729   0.0165   0.7508
7    0.5974   0.3814   0.4814   0.429    0.8136   0.4593   0.0569   0.7931
8    0.0452   0.8871   0.8989   0.3052   0.0046   0.7081   0.1939   0.4639
9    0.5745   0.9302   0.6256   0.7375   0.9998   0.8354   0.485    0.6716
10   0.4211   0.0224   0.6887   0.3053   0.5958   0.1927   0.2256   0.7446
11   0.8111   0.0869   0.9784   0.1199   0.1921   0.0734   0.3883   0.5264
12   0.9752   0.2146   0.4304   0.4921   0.7713   0.1459   0.2041   0.86
13   0.7837   0.536    0.2272   0.547    0.7662   0.8478   0.7513   0.2826
14   0.0619   0.7112   0.9716   0.5672   0.5003   0.7093   0.1633   0.2156
15   0.1177   0.8151   0.1761   0.9313   0.1956   0.1936   0.6796   0.0313
16   0.4652   0.9702   0.5101   0.6453   0.4627   0.3138   0.4605   0.5665
17   0.5719   0.8528   0.2575   0.1676   0.5026   0.5405   0.7468   0.7046
18   0.0008   0.1773   0.0533   0.2361   0.9094   0.5222   0.0073   0.1019

:      9        10       11       12       13      :=
1    0.5349   0.6202   0.5581   0.8704   0.5465
2    0.2951   0.5841   0.4085   0.4739   0.7836
3    0.0628   0.4608   0.7229   0.7538   0.3471
4    0.6589   0.4982   0.2158   0.2773   0.3127
5    0.6372   0.3817   0.0767   0.1558   0.7036
6    0.9604   0.5463   0.7278   0.7191   0.5939
7    0.0664   0.3794   0.3787   0.1393   0.591
8    0.7884   0.804    0.1419   0.7223   0.8141
9    0.5303   0.2093   0.6862   0.1359   0.4726
10   0.6163   0.793    0.8171   0.1047   0.9502
11   0.964    0.6712   0.9428   0.3359   0.5279
12   0.1449   0.9219   0.9884   0.7208   0.2875
13   0.3665   0.0257   0.4127   0.5329   0.3534
14   0.7604   0.8868   0.2745   0.5358   0.2544
15   0.6058   0.1446   0.8221   0.8255   0.8372
16   0.5433   0.173    0.5835   0.5793   0.9112
17   0.0707   0.9486   0.8266   0.1576   0.0824
18   0.0868   0.8864   0.2829   0.2334   0.7354
;

