set P := 1 2 3 4 5 6 7 8 9 10 11 12 13 14 15 16 17 18;

set I := 1 2 3 4 5 6 7 8 9 10 11 12 13 14;

param 
v [*,*]
:      1        2        3        4        5        6        7        8      :=
1    0.3677   0.5047   0.1052   0.2739   0.136    0.468    0.2816   0.7698
2    0.894    0.2433   0.7558   0.9153   0.6383   0.3608   0.1027   0.376
3    0.3012   0.2159   0.1709   0.2001   0.7967   0.1536   0.0253   0.3836
4    0.71     0.1752   0.6998   0.1156   0.0259   0.1483   0.665    0.5585
5    0.7107   0.8374   0.012    0.467    0.9776   0.0241   0.3686   0.3073
6    0.143    0.0663   0.9622   0.0724   0.6228   0.5481   0.5985   0.6213
7    0.7201   0.99     0.6799   0.5149   0.965    0.8174   0.0865   0.6906
8    0.4127   0.0842   0.6911   0.2474   0.1608   0.1704   0.939    0.0505
9    0.2678   0.0967   0.3118   0.5763   0.4767   0.5647   0.3704   0.6374
10   0.1586   0.5555   0.0111   0.0339   0.6098   0.9655   0.8774   0.9062
11   0.0373   0.5441   0.3596   0.5639   0.1726   0.4053   0.8698   0.0784
12   0.7735   0.1323   0.1017   0.7851   0.4819   0.8751   0.8161   0.5391
13   0.4536   0.2808   0.3615   0.6106   0.8525   0.1158   0.05     0.2778
14   0.4194   0.5451   0.0057   0.2578   0.9791   0.5375   0.7416   0.0553
15   0.4588   0.2647   0.742    0.7108   0.9152   0.0424   0.1912   0.6934
16   0.071    0.825    0.679    0.9994   0.0112   0.1093   0.2132   0.2571
17   0.2805   0.0498   0.4646   0.6985   0.5126   0.0955   0.0514   0.5408
18   0.8951   0.2535   0.313    0.8822   0.0433   0.2907   0.4903   0.7918

:      9        10       11       12       13       14      :=
1    0.957    0.0529   0.4666   0.5528   0.0207   0.9219
2    0.1805   0.8196   0.8426   0.0415   0.8013   0.4694
3    0.2432   0.3897   0.6429   0.0902   0.4095   0.1361
4    0.8703   0.4605   0.6724   0.6715   0.4475   0.8659
5    0.2893   0.3232   0.8046   0.8519   0.7205   0.43
6    0.6536   0.0737   0.6851   0.8612   0.222    0.9095
7    0.2548   0.6412   0.3234   0.2413   0.165    0.2639
8    0.4292   0.5329   0.3997   0.148    0.1883   0.1826
9    0.9004   0.4364   0.5107   0.3288   0.1907   0.3533
10   0.8536   0.0993   0.6828   0.0993   0.6312   0.6748
11   0.9328   0.6032   0.0086   0.572    0.3685   0.2274
12   0.8157   0.6372   0.1275   0.7037   0.303    0.3582
13   0.2398   0.9562   0.9182   0.281    0.1422   0.5199
14   0.952    0.2074   0.3357   0.3405   0.2213   0.1821
15   0.12     0.3329   0.3293   0.437    0.3091   0.2472
16   0.4859   0.6095   0.9598   0.7154   0.2042   0.9075
17   0.4629   0.0886   0.6276   0.581    0.4283   0.0125
18   0.7982   0.596    0.3496   0.829    0.9595   0.7974
;

