set P := 1 2 3 4 5 6 7 8 9 10 11 12 13 14 15 16 17 18;

set I := 1 2 3 4 5 6 7 8 9 10 11 12 13 14 15;

param 
v [*,*]
:      1        2        3        4        5        6        7        8      :=
1    0.4102   0.3979   0.9661   0.2302   0.5515   0.9336   0.1182   0.0972
2    0.6901   0.8412   0.6456   0.8022   0.0286   0.3825   0.6648   0.3256
3    0.2911   0.2094   0.0601   0.9741   0.7965   0.7629   0.6698   0.4275
4    0.9638   0.3571   0.7905   0.4499   0.7978   0.6462   0.3657   0.5953
5    0.7315   0.5401   0.3149   0.9917   0.9485   0.147    0.5978   0.4126
6    0.0873   0.0065   0.7436   0.8814   0.4022   0.3219   0.8535   0.5784
7    0.7666   0.3959   0.8296   0.3572   0.3908   0.1868   0.1578   0.9563
8    0.5998   0.6103   0.3574   0.6931   0.0301   0.0852   0.9667   0.9302
9    0.9073   0.2556   0.7899   0.7391   0.169    0.0853   0.3859   0.3885
10   0.3126   0.0858   0.0721   0.4809   0.3314   0.7421   0.4817   0.72
11   0.929    0.9135   0.4995   0.153    0.1565   0.9612   0.1477   0.3719
12   0.4846   0.6828   0.8685   0.3471   0.4793   0.1146   0.0543   0.2338
13   0.2262   0.9812   0.3704   0.7083   0.3595   0.769    0.951    0.9242
14   0.9079   0.6475   0.8518   0.6      0.9199   0.0283   0.9381   0.8635
15   0.9205   0.3108   0.3124   0.9632   0.682    0.2455   0.3491   0.645
16   0.1276   0.7765   0.0803   0.5429   0.093    0.6646   0.7678   0.4342
17   0.4069   0.3715   0.9397   0.1491   0.7282   0.1915   0.1648   0.0228
18   0.2301   0.8863   0.1164   0.4791   0.6402   0.6256   0.8185   0.3478

:      9        10       11       12       13       14       15      :=
1    0.5636   0.9125   0.5686   0.9495   0.1476   0.366    0.9947
2    0.6684   0.0609   0.5573   0.9958   0.0204   0.8141   0.4374
3    0.0127   0.2803   0.159    0.9228   0.5828   0.9982   0.331
4    0.1692   0.8529   0.2027   0.5323   0.0166   0.7902   0.1647
5    0.2788   0.1404   0.1991   0.3816   0.1851   0.3266   0.9392
6    0.6107   0.2806   0.8898   0.5396   0.8121   0.6967   0.9159
7    0.7008   0.8661   0.8504   0.4787   0.1948   0.6837   0.1452
8    0.7972   0.0448   0.9163   0.6929   0.0261   0.226    0.8465
9    0.0701   0.8444   0.6406   0.4531   0.0169   0.1698   0.1121
10   0.9378   0.9801   0.0167   0.3938   0.011    0.3129   0.1705
11   0.5177   0.4501   0.95     0.2115   0.86     0.5626   0.9978
12   0.6714   0.9395   0.5725   0.3668   0.915    0.8957   0.8996
13   0.14     0.0426   0.1803   0.36     0.4517   0.1513   0.1517
14   0.5076   0.9521   0.4531   0.4299   0.6841   0.5338   0.1048
15   0.4842   0.6471   0.7534   0.5542   0.6702   0.6636   0.8973
16   0.0364   0.4001   0.3264   0.5466   0.1817   0.129    0.135
17   0.8094   0.4261   0.0257   0.8696   0.6883   0.2587   0.3073
18   0.995    0.5011   0.134    0.858    0.923    0.4604   0.2764
;

