set P := 1 2 3 4 5 6 7 8 9 10 11 12 13 14 15 16 17 18 19;

set I := 1 2 3 4 5 6 7 8 9;

param 
v [*,*]
:      1        2        3        4        5        6        7        8      :=
1    0.8252   0.1564   0.7737   0.9303   0.9669   0.6128   0.1411   0.7934
2    0.2782   0.8798   0.97     0.3533   0.5645   0.3862   0.8835   0.1815
3    0.7491   0.3117   0.0655   0.1059   0.8913   0.2471   0.1734   0.2379
4    0.4237   0.2664   0.8128   0.1312   0.7325   0.3275   0.8072   0.9113
5    0.5239   0.2789   0.2895   0.089    0.3325   0.6876   0.1988   0.937
6    0.4596   0.077    0.8742   0.5024   0.5429   0.0261   0.893    0.1905
7    0.2685   0.9892   0.2333   0.6738   0.553    0.8909   0.413    0.8126
8    0.4      0.7152   0.76     0.2161   0.7968   0.1529   0.4885   0.5038
9    0.5826   0.6432   0.4426   0.2691   0.6447   0.2802   0.1409   0.864
10   0.5942   0.3711   0.7439   0.2008   0.9688   0.6939   0.6179   0.2839
11   0.111    0.9106   0.8305   0.4336   0.4398   0.96     0.4145   0.8591
12   0.1846   0.1453   0.0834   0.5728   0.1368   0.3274   0.1452   0.291
13   0.1072   0.9587   0.9166   0.7937   0.5007   0.9651   0.9878   0.5237
14   0.2189   0.2723   0.4645   0.9205   0.9172   0.3671   0.284    0.6721
15   0.943    0.3144   0.1928   0.7772   0.8547   0.3626   0.6386   0.9876
16   0.8416   0.4053   0.7187   0.0362   0.2945   0.7991   0.6362   0.3301
17   0.9438   0.4944   0.4751   0.5414   0.4108   0.0978   0.4732   0.0761
18   0.4957   0.6848   0.2576   0.3213   0.3635   0.0464   0.8196   0.7417
19   0.6483   0.442    0.4306   0.3872   0.8401   0.1365   0.7235   0.8314

:      9       :=
1    0.0677
2    0.8714
3    0.3716
4    0.5501
5    0.2544
6    0.5602
7    0.9037
8    0.3934
9    0.9407
10   0.9684
11   0.0815
12   0.3125
13   0.016
14   0.9945
15   0.6565
16   0.3477
17   0.3746
18   0.662
19   0.1662
;

