set P := 1 2 3 4 5 6 7 8 9 10 11 12 13 14 15 16 17 18 19;

set I := 1 2 3 4 5 6 7 8 9 10;

param 
v [*,*]
:      1        2        3        4        5        6        7        8      :=
1    0.2152   0.3858   0.789    0.4532   0.6599   0.6972   0.598    0.6897
2    0.17     0.583    0.9459   0.341    0.0074   0.3403   0.1849   0.4309
3    0.3528   0.4549   0.3294   0.2204   0.2268   0.834    0.0541   0.0661
4    0.9971   0.4762   0.0563   0.9791   0.4161   0.7743   0.6738   0.3466
5    0.0683   0.3614   0.7487   0.4039   0.5816   0.7573   0.4195   0.7834
6    0.7488   0.6086   0.6805   0.9484   0.6661   0.5314   0.8923   0.17
7    0.8154   0.7378   0.6159   0.1008   0.6304   0.08     0.5965   0.2087
8    0.5696   0.6628   0.6979   0.3113   0.9553   0.368    0.438    0.1877
9    0.4074   0.9185   0.9506   0.9436   0.8176   0.6      0.4912   0.3004
10   0.7269   0.0195   0.3858   0.7681   0.5733   0.207    0.0278   0.7242
11   0.3482   0.0918   0.6578   0.2902   0.4062   0.0105   0.0754   0.5846
12   0.5227   0.9253   0.377    0.2657   0.7259   0.2331   0.3352   0.0173
13   0.4672   0.8372   0.6498   0.4873   0.4831   0.6677   0.8976   0.0883
14   0.1946   0.6599   0.0349   0.7327   0.6932   0.4194   0.695    0.8371
15   0.0717   0.6746   0.2609   0.9747   0.3127   0.3285   0.0965   0.549
16   0.5004   0.4985   0.2404   0.0562   0.9577   0.5093   0.784    0.4348
17   0.471    0.6287   0.1422   0.9643   0.4829   0.2569   0.4897   0.9196
18   0.0478   0.8102   0.3207   0.8916   0.1081   0.6062   0.7328   0.7645
19   0.5372   0.4719   0.4577   0.3303   0.2112   0.2067   0.0479   0.6276

:      9        10      :=
1    0.3043   0.1117
2    0.2733   0.0848
3    0.2973   0.6696
4    0.3191   0.6524
5    0.5871   0.6063
6    0.296    0.3837
7    0.3567   0.1138
8    0.2036   0.3696
9    0.0213   0.8405
10   0.7059   0.7807
11   0.7588   0.892
12   0.6911   0.5457
13   0.1096   0.6845
14   0.5765   0.7162
15   0.1452   0.3455
16   0.8815   0.3519
17   0.3398   0.2555
18   0.4468   0.6255
19   0.0252   0.2136
;

