set P := 1 2 3 4 5 6 7 8 9 10 11 12 13 14 15 16 17 18 19;

set I := 1 2 3 4 5 6 7 8 9 10 11;

param 
v [*,*]
:      1        2        3        4        5        6        7        8      :=
1    0.5506   0.6327   0.3301   0.2413   0.8807   0.4947   0.2011   0.6533
2    0.4755   0.5975   0.4976   0.3609   0.056    0.8665   0.1653   0.0342
3    0.195    0.3958   0.6033   0.0925   0.0454   0.4517   0.1223   0.7256
4    0.6596   0.2898   0.9899   0.3256   0.35     0.7582   0.3305   0.3397
5    0.7866   0.5053   0.7053   0.6066   0.7479   0.7211   0.5889   0.0215
6    0.1762   0.0734   0.0253   0.2188   0.5404   0.0608   0.962    0.6329
7    0.9726   0.5608   0.8174   0.7544   0.1589   0.0195   0.7154   0.6228
8    0.6002   0.7293   0.2233   0.7445   0.2246   0.1499   0.4587   0.8094
9    0.1198   0.1453   0.8851   0.1758   0.9397   0.9428   0.8255   0.338
10   0.638    0.6117   0.3585   0.0272   0.306    0.5568   0.0725   0.7285
11   0.0899   0.0349   0.9672   0.3669   0.8386   0.149    0.1933   0.5466
12   0.3223   0.9715   0.804    0.0788   0.9141   0.8261   0.1809   0.2188
13   0.5257   0.9751   0.8939   0.1938   0.8475   0.8452   0.4125   0.69
14   0.4275   0.8047   0.561    0.7059   0.5846   0.1898   0.2956   0.0007
15   0.4894   0.4568   0.9849   0.9911   0.3764   0.0652   0.5712   0.9105
16   0.603    0.9921   0.4098   0.8779   0.2412   0.6738   0.6619   0.6609
17   0.2184   0.5266   0.8757   0.9379   0.2052   0.212    0.5658   0.2005
18   0.2912   0.9847   0.8354   0.8571   0.6872   0.3704   0.4598   0.3519
19   0.4872   0.4392   0.4869   0.4892   0.4312   0.2677   0.2093   0.2609

:      9        10       11      :=
1    0.1626   0.895    0.7355
2    0.3141   0.2093   0.5539
3    0.1663   0.0371   0.1162
4    0.4694   0.7362   0.1134
5    0.1886   0.8342   0.1053
6    0.2115   0.8128   0.1067
7    0.1998   0.0454   0.8156
8    0.9776   0.4092   0.1048
9    0.125    0.9097   0.9419
10   0.8988   0.4859   0.4804
11   0.2845   0.1419   0.4016
12   0.8073   0.5882   0.4991
13   0.3349   0.6008   0.4458
14   0.6625   0.6579   0.6364
15   0.8797   0.904    0.3429
16   0.6167   0.1327   0.3732
17   0.6711   0.7748   0.5838
18   0.9225   0.4059   0.0253
19   0.2217   0.365    0.7612
;

