set P := 1 2 3 4 5 6 7 8 9 10 11 12 13 14 15 16 17 18 19;

set I := 1 2 3 4 5 6 7 8 9 10 11 12;

param 
v [*,*]
:      1        2        3        4        5        6        7        8      :=
1    0.8304   0.1094   0.2402   0.9998   0.2996   0.3796   0.4438   0.282
2    0.4344   0.1574   0.224    0.6154   0.0973   0.1627   0.2538   0.8455
3    0.5253   0.5259   0.8521   0.0792   0.6795   0.103    0.8148   0.316
4    0.5034   0.6964   0.5128   0.6152   0.5499   0.5525   0.5467   0.8685
5    0.2543   0.2276   0.2339   0.5688   0.9588   0.5539   0.1232   0.591
6    0.8032   0.2634   0.3615   0.5024   0.445    0.188    0.0246   0.249
7    0.7285   0.0872   0.998    0.569    0.0852   0.8756   0.5525   0.1034
8    0.8037   0.12     0.2326   0.0203   0.5055   0.1535   0.7747   0.999
9    0.2124   0.187    0.3583   0.8653   0.8117   0.5533   0.8312   0.982
10   0.1876   0.4345   0.5013   0.522    0.619    0.1945   0.7321   0.7955
11   0.2965   0.4022   0.2298   0.4587   0.7897   0.2625   0.3519   0.1624
12   0.0662   0.626    0.9567   0.0619   0.9195   0.1192   0.5938   0.0198
13   0.9155   0.0998   0.0952   0.6488   0.6712   0.4482   0.7432   0.6588
14   0.3947   0.3743   0.2189   0.6779   0.7981   0.9062   0.5723   0.5197
15   0.1734   0.6439   0.0868   0.6637   0.8477   0.4648   0.2379   0.5447
16   0.2426   0.4339   0.4767   0.7725   0.1962   0.2936   0.9748   0.3335
17   0.1058   0.9729   0.2798   0.5089   0.3488   0.1963   0.1072   0.9469
18   0.2984   0.061    0.2739   0.5201   0.2828   0.0984   0.0669   0.9557
19   0.2425   0.8681   0.3058   0.5105   0.4244   0.3661   0.3823   0.2089

:      9        10       11       12      :=
1    0.8424   0.5556   0.7992   0.3722
2    0.755    0.0465   0.6576   0.7516
3    0.7794   0.4531   0.8526   0.1345
4    0.4355   0.371    0.5127   0.719
5    0.6814   0.5244   0.9175   0.5813
6    0.6133   0.2754   0.4811   0.8672
7    0.8904   0.2237   0.0279   0.6157
8    0.1394   0.9968   0.4634   0.3191
9    0.6822   0.2292   0.929    0.4337
10   0.8029   0.6339   0.3375   0.1157
11   0.3925   0.3498   0.2491   0.867
12   0.0156   0.8505   0.802    0.5625
13   0.859    0.3584   0.1963   0.3599
14   0.8139   0.8268   0.4488   0.7083
15   0.6989   0.9035   0.7883   0.0203
16   0.0916   0.1787   0.7525   0.9506
17   0.6364   0.4267   0.44     0.534
18   0.4678   0.3024   0.6033   0.0655
19   0.0836   0.4493   0.2788   0.3554
;

