set P := 1 2 3 4 5 6 7 8 9 10 11 12 13 14 15 16 17 18 19;

set I := 1 2 3 4 5 6 7 8 9 10 11 12 13;

param 
v [*,*]
:      1        2        3        4        5        6        7        8      :=
1    0.9724   0.2954   0.0077   0.7854   0.6626   0.4266   0.5347   0.8987
2    0.2406   0.9085   0.2338   0.2935   0.6951   0.715    0.3737   0.2196
3    0.6531   0.369    0.6922   0.9991   0.2355   0.2815   0.2525   0.5575
4    0.0345   0.9724   0.9544   0.383    0.3501   0.9194   0.3846   0.153
5    0.444    0.9913   0.6594   0.4731   0.3984   0.2752   0.9795   0.8318
6    0.1661   0.1744   0.4212   0.6182   0.4725   0.195    0.378    0.9951
7    0.102    0.1364   0.697    0.1824   0.8225   0.8552   0.9924   0.1182
8    0.3535   0.7585   0.7809   0.0031   0.401    0.985    0.7062   0.9208
9    0.202    0.7126   0.417    0.1373   0.4146   0.487    0.7674   0.3934
10   0.6815   0.1418   0.1535   0.4332   0.0661   0.458    0.2247   0.7275
11   0.3292   0.5446   0.0645   0.7982   0.0444   0.2548   0.7725   0.8299
12   0.6067   0.2604   0.1103   0.2365   0.3927   0.7388   0.3202   0.5157
13   0.232    0.2683   0.5153   0.3838   0.1903   0.1165   0.7584   0.8337
14   0.7135   0.66     0.203    0.7005   0.8662   0.8358   0.1211   0.4805
15   0.4327   0.7029   0.8766   0.4928   0.9555   0.113    0.1889   0.2612
16   0.0662   0.4519   0.9592   0.2003   0.3619   0.1457   0.3352   0.4605
17   0.1803   0.5276   0.2131   0.016    0.7409   0.2535   0.0283   0.8114
18   0.358    0.5545   0.2364   0.7988   0.7871   0.8742   0.9397   0.609
19   0.0551   0.6899   0.6106   0.2002   0.6161   0.9515   0.3145   0.0763

:      9        10       11       12       13      :=
1    0.3694   0.2725   0.4862   0.8457   0.7694
2    0.8543   0.6892   0.4544   0.2771   0.2441
3    0.7537   0.9045   0.2929   0.4223   0.6522
4    0.3111   0.8155   0.7861   0.6275   0.6554
5    0.6812   0.1848   0.8292   0.3905   0.8395
6    0.0741   0.4345   0.6459   0.8691   0.0752
7    0.1411   0.9112   0.8229   0.1705   0.4205
8    0.4281   0.4796   0.205    0.351    0.1137
9    0.8678   0.1355   0.8238   0.3072   0.5759
10   0.4541   0.2477   0.928    0.0628   0.8809
11   0.1769   0.9332   0.3037   0.864    0.6622
12   0.3106   0.5536   0.3333   0.8943   0.1825
13   0.4296   0.5728   0.3168   0.3603   0.2087
14   0.3579   0.297    0.9095   0.535    0.2167
15   0.9329   0.2535   0.9696   0.2929   0.9443
16   0.0213   0.831    0.3049   0.8752   0.3735
17   0.8444   0.5878   0.5623   0.0608   0.6981
18   0.0763   0.8566   0.1658   0.9194   0.896
19   0.6896   0.2325   0.305    0.8024   0.575
;

