set P := 1 2 3 4 5 6 7 8 9 10 11 12 13 14 15 16 17 18 19;

set I := 1 2 3 4 5 6 7 8 9 10 11 12 13 14;

param 
v [*,*]
:      1        2        3        4        5        6        7        8      :=
1    0.123    0.3282   0.0407   0.1945   0.0364   0.3192   0.7619   0.3501
2    0.498    0.5178   0.2036   0.6504   0.8693   0.6971   0.1284   0.9001
3    0.7604   0.282    0.6997   0.4576   0.9439   0.5968   0.3371   0.1083
4    0.8731   0.4649   0.1566   0.321    0.025    0.9779   0.7848   0.8612
5    0.0405   0.1528   0.7636   0.7234   0.7206   0.7604   0.6167   0.2337
6    0.9271   0.0686   0.9915   0.0382   0.9502   0.0307   0.4053   0.5098
7    0.1383   0.1258   0.6954   0.1383   0.9856   0.9174   0.4009   0.7741
8    0.0529   0.9067   0.2267   0.1115   0.7095   0.1152   0.0061   0.1896
9    0.1546   0.6491   0.3086   0.9432   0.67     0.513    0.6558   0.1361
10   0.3678   0.9129   0.6004   0.7622   0.4317   0.673    0.4066   0.0676
11   0.2004   0.0778   0.0927   0.3305   0.6294   0.8035   0.0133   0.7371
12   0.8547   0.0197   0.5698   0.0007   0.9101   0.286    0.1888   0.4461
13   0.3163   0.6558   0.5172   0.2709   0.3606   0.6929   0.1027   0.8039
14   0.0642   0.7191   0.7188   0.5535   0.3752   0.3833   0.7316   0.4013
15   0.3882   0.183    0.1885   0.0727   0.1703   0.6687   0.5342   0.35
16   0.7138   0.1895   0.9058   0.6179   0.7343   0.5546   0.7243   0.0179
17   0.9451   0.5385   0.7756   0.2502   0.8455   0.7296   0.9782   0.0057
18   0.8925   0.0818   0.2668   0.8368   0.1452   0.8633   0.2356   0.0752
19   0.2973   0.9334   0.416    0.1085   0.7244   0.3197   0.5313   0.0426

:      9        10       11       12       13       14      :=
1    0.8991   0.8904   0.7794   0.0673   0.6538   0.1786
2    0.7749   0.3659   0.7759   0.1218   0.0697   0.9107
3    0.9438   0.9729   0.6846   0.4039   0.1878   0.5928
4    0.5731   0.231    0.566    0.3904   0.0125   0.6193
5    0.7143   0.4003   0.5163   0.479    0.528    0.4098
6    0.3889   0.6829   0.0398   0.3171   0.923    0.0051
7    0.4777   0.3373   0.8907   0.9956   0.7797   0.4401
8    0.2489   0.2659   0.3019   0.7715   0.3969   0.2181
9    0.0254   0.2006   0.8227   0.9674   0.1413   0.2125
10   0.6234   0.5153   0.7237   0.5335   0.0983   0.5507
11   0.9323   0.1328   0.8687   0.5729   0.8994   0.5103
12   0.339    0.1538   0.9505   0.0894   0.2865   0.0185
13   0.9538   0.3164   0.4723   0.0039   0.3607   0.7674
14   0.2171   0.5647   0.3222   0.9407   0.2272   0.2421
15   0.56     0.9226   0.4392   0.7291   0.3654   0.978
16   0.3565   0.5325   0.8797   0.5162   0.4375   0.5806
17   0.7029   0.1381   0.5172   0.3462   0.7804   0.2276
18   0.1974   0.1008   0.3001   0.382    0.1078   0.3856
19   0.9406   0.4703   0.0295   0.6356   0.3215   0.326
;

