set P := 1 2 3 4 5 6 7 8 9 10 11 12 13 14 15 16 17 18 19;

set I := 1 2 3 4 5 6 7 8 9 10 11 12 13 14 15;

param 
v [*,*]
:      1        2        3        4        5        6        7        8      :=
1    0.2055   0.8431   0.3579   0.8829   0.9221   0.8594   0.4694   0.701
2    0.5017   0.916    0.1546   0.6893   0.5533   0.489    0.8084   0.18
3    0.5626   0.0247   0.0191   0.57     0.4416   0.5676   0.2186   0.8552
4    0.2213   0.976    0.5963   0.6545   0.4222   0.7016   0.84     0.405
5    0.5652   0.9796   0.4277   0.0802   0.3134   0.7625   0.0674   0.5625
6    0.1571   0.6881   0.105    0.6712   0.0779   0.3586   0.109    0.1549
7    0.0858   0.7339   0.5765   0.4543   0.4704   0.6056   0.3181   0.9726
8    0.159    0.5533   0.7431   0.5415   0.2987   0.3858   0.0175   0.2021
9    0.47     0.41     0.9242   0.0221   0.095    0.9948   0.1486   0.1096
10   0.7334   0.5964   0.2736   0.5584   0.2518   0.6631   0.5144   0.8103
11   0.4643   0.1715   0.3262   0.8315   0.4238   0.1989   0.1569   0.995
12   0.0196   0.0896   0.8346   0.6111   0.6551   0.3874   0.6797   0.8943
13   0.0738   0.8743   0.0015   0.9158   0.5794   0.8982   0.0723   0.71
14   0.069    0.1518   0.9121   0.3687   0.6266   0.2591   0.7966   0.7927
15   0.1067   0.765    0.8744   0.2097   0.9528   0.5151   0.5394   0.469
16   0.2357   0.9474   0.7349   0.0607   0.7079   0.9582   0.816    0.6509
17   0.473    0.2445   0.2543   0.4073   0.7671   0.6973   0.1866   0.8264
18   0.9028   0.9742   0.258    0.4992   0.0653   0.0975   0.3658   0.6816
19   0.2238   0.3267   0.002    0.6824   0.9212   0.7187   0.5401   0.433

:      9        10       11       12       13       14       15      :=
1    0.6      0.2603   0.1297   0.8386   0.7211   0.0399   0.8305
2    0.62     0.7798   0.875    0.757    0.775    0.0951   0.4447
3    0.7273   0.794    0.2551   0.36     0.0765   0.2659   0.301
4    0.8289   0.7889   0.4129   0.1128   0.919    0.5834   0.3194
5    0.214    0.131    0.578    0.4396   0.0284   0.7697   0.6205
6    0.1298   0.8247   0.2935   0.9175   0.0264   0.8448   0.8622
7    0.4275   0.3039   0.9175   0.2673   0.4171   0.4001   0.9011
8    0.7529   0.6771   0.0217   0.7647   0.4593   0.4991   0.0981
9    0.3045   0.5819   0.1537   0.6439   0.1678   0.9954   0.8975
10   0.4349   0.558    0.5703   0.5193   0.2502   0.4124   0.7384
11   0.9804   0.992    0.959    0.1495   0.8091   0.7437   0.0611
12   0.1854   0.8963   0.3901   0.8145   0.1239   0.955    0.5032
13   0.2477   0.2891   0.9456   0.9241   0.9473   0.2346   0.724
14   0.0395   0.3199   0.3752   0.3524   0.9874   0.082    0.8911
15   0.0313   0.3244   0.8134   0.1679   0.26     0.5961   0.7122
16   0.7602   0.5035   0.7734   0.4598   0.9239   0.2174   0.7705
17   0.7217   0.4707   0.6512   0.761    0.6038   0.6982   0.3752
18   0.4205   0.3481   0.0231   0.9817   0.3959   0.5749   0.3416
19   0.3675   0.2649   0.4787   0.6821   0.4548   0.9213   0.9872
;

