set P := 1 2 3 4 5 6 7 8 9 10 11 12 13 14 15 16 17 18 19 20;

set I := 1 2 3 4 5 6 7 8 9;

param 
v [*,*]
:      1        2        3        4        5        6        7        8      :=
1    0.6031   0.4895   0.3536   0.0683   0.4553   0.2674   0.4265   0.8002
2    0.2342   0.1006   0.539    0.5876   0.1073   0.0857   0.9535   0.6
3    0.3084   0.5457   0.4467   0.5113   0.228    0.3152   0.1788   0.7364
4    0.4923   0.8593   0.8803   0.3626   0.6511   0.9664   0.9386   0.9569
5    0.2739   0.8968   0.0032   0.6949   0.8528   0.2333   0.0606   0.5309
6    0.9416   0.839    0.5294   0.7711   0.8058   0.909    0.0598   0.0468
7    0.9927   0.4008   0.952    0.2758   0.8893   0.8286   0.9024   0.1499
8    0.0926   0.1518   0.5756   0.9594   0.9808   0.7756   0.5995   0.3439
9    0.6086   0.0574   0.5751   0.3522   0.1387   0.281    0.4305   0.4126
10   0.4367   0.8494   0.4298   0.2252   0.5735   0.8921   0.4568   0.4282
11   0.7877   0.6897   0.7438   0.6095   0.0018   0.3406   0.6034   0.5145
12   0.4158   0.2654   0.7718   0.8863   0.9678   0.3268   0.4017   0.4391
13   0.2129   0.0379   0.2317   0.2902   0.5379   0.606    0.9154   0.7827
14   0.0793   0.4581   0.697    0.0986   0.1158   0.5134   0.8026   0.1963
15   0.9412   0.825    0.0259   0.0294   0.2343   0.0247   0.2473   0.7056
16   0.6956   0.5999   0.4902   0.8295   0.6013   0.1424   0.0859   0.5159
17   0.578    0.2121   0.8734   0.3124   0.1802   0.2192   0.9961   0.6279
18   0.8491   0.555    0.7816   0.4398   0.0103   0.0074   0.3312   0.8541
19   0.3057   0.6079   0.5052   0.056    0.9657   0.2377   0.3963   0.3503
20   0.9015   0.3698   0.5019   0.6868   0.4539   0.1527   0.549    0.3912

:      9       :=
1    0.5064
2    0.9265
3    0.0472
4    0.2928
5    0.9174
6    0.8535
7    0.0019
8    0.1775
9    0.7148
10   0.4702
11   0.3066
12   0.4143
13   0.0007
14   0.0126
15   0.2772
16   0.9084
17   0.9628
18   0.5855
19   0.2181
20   0.7647
;

