set P := 1 2 3 4 5 6 7 8 9 10 11 12 13 14 15 16 17 18 19 20;

set I := 1 2 3 4 5 6 7 8 9 10;

param 
v [*,*]
:      1        2        3        4        5        6        7        8      :=
1    0.1559   0.6661   0.4715   0.8243   0.7208   0.5711   0.0356   0.6333
2    0.918    0.7715   0.6637   0.4719   0.6118   0.7333   0.7174   0.8363
3    0.5297   0.0783   0.4806   0.2815   0.0048   0.2268   0.9993   0.7179
4    0.8042   0.4698   0.976    0.6054   0.155    0.5451   0.5736   0.9267
5    0.4375   0.3438   0.6707   0.7245   0.2211   0.0202   0.6641   0.1329
6    0.555    0.0785   0.5145   0.1294   0.5646   0.8821   0.8231   0.4252
7    0.5916   0.3066   0.3221   0.3984   0.2507   0.3402   0.8425   0.0027
8    0.3867   0.5118   0.9417   0.6806   0.4422   0.864    0.0356   0.8976
9    0.4941   0.3283   0.507    0.3955   0.892    0.7876   0.405    0.5894
10   0.0768   0.6625   0.2374   0.3324   0.9953   0.914    0.0942   0.8855
11   0.0263   0.3203   0.0906   0.5804   0.9014   0.0153   0.5243   0.531
12   0.1262   0.0587   0.2395   0.2853   0.7858   0.1979   0.5698   0.9647
13   0.7094   0.2061   0.0172   0.2753   0.3253   0.2968   0.6665   0.073
14   0.3593   0.4268   0.2326   0.5537   0.8714   0.7003   0.674    0.5688
15   0.2938   0.695    0.1212   0.8777   0.8546   0.4482   0.2239   0.3094
16   0.7027   0.4257   0.203    0.4855   0.0089   0.3191   0.3026   0.7314
17   0.6431   0.7727   0.3881   0.5937   0.459    0.9202   0.3523   0.0781
18   0.3602   0.1192   0.1813   0.9663   0.9967   0.097    0.2746   0.7864
19   0.0493   0.0047   0.4887   0.6018   0.7512   0.6856   0.5534   0.6903
20   0.7574   0.3709   0.4678   0.6211   0.5625   0.2904   0.8101   0.2842

:      9        10      :=
1    0.7301   0.8614
2    0.1774   0.3806
3    0.4433   0.3441
4    0.7796   0.9557
5    0.8442   0.5384
6    0.5554   0.6501
7    0.855    0.7823
8    0.7644   0.8403
9    0.7896   0.9003
10   0.4643   0.0849
11   0.8289   0.0502
12   0.7984   0.6113
13   0.3681   0.147
14   0.9595   0.8698
15   0.538    0.8444
16   0.8526   0.0399
17   0.4367   0.3257
18   0.7421   0.5697
19   0.1005   0.6153
20   0.9358   0.3217
;

