set P := 1 2 3 4 5 6 7 8 9 10 11 12 13 14 15 16 17 18 19 20;

set I := 1 2 3 4 5 6 7 8 9 10 11;

param 
v [*,*]
:      1        2        3        4        5        6        7        8      :=
1    0.183    0.5443   0.4854   0.4953   0.5043   0.2656   0.9801   0.7558
2    0.3192   0.1265   0.5729   0.699    0.3639   0.679    0.716    0.0283
3    0.271    0.7088   0.7471   0.4434   0.2759   0.8061   0.7386   0.9312
4    0.3885   0.2776   0.136    0.1749   0.968    0.7476   0.5694   0.3663
5    0.1524   0.942    0.8513   0.8344   0.7472   0.9571   0.5309   0.0282
6    0.4597   0.8765   0.8067   0.4951   0.3743   0.0631   0.3973   0.2224
7    0.5035   0.6852   0.5937   0.4037   0.8146   0.4498   0.6466   0.1672
8    0.6772   0.3259   0.7477   0.4563   0.3146   0.7748   0.3321   0.9964
9    0.428    0.857    0.9003   0.9993   0.4446   0.8135   0.2986   0.0421
10   0.2323   0.8011   0.1647   0.3242   0.911    0.9209   0.1865   0.6714
11   0.9071   0.225    0.5441   0.199    0.1842   0.096    0.2351   0.5098
12   0.5857   0.2623   0.73     0.3147   0.1753   0.6301   0.0426   0.7034
13   0.1307   0.024    0.336    0.4536   0.6364   0.2642   0.8434   0.269
14   0.5629   0.595    0.9011   0.0942   0.5267   0.9264   0.869    0.3755
15   0.3744   0.5587   0.6974   0.2985   0.6866   0.56     0.3533   0.5124
16   0.9647   0.8549   0.5588   0.9009   0.543    0.6682   0.1072   0.4219
17   0.5696   0.3603   0.4171   0.9931   0.0944   0.8079   0.3434   0.7752
18   0.2005   0.2992   0.7499   0.5225   0.458    0.9686   0.2277   0.9357
19   0.0316   0.8706   0.0674   0.08     0.9011   0.7113   0.612    0.0685
20   0.2245   0.572    0.5304   0.2068   0.7969   0.6735   0.3522   0.0279

:      9        10       11      :=
1    0.5439   0.38     0.3131
2    0.5024   0.7357   0.8122
3    0.785    0.8111   0.1192
4    0.2872   0.033    0.803
5    0.499    0.3557   0.0914
6    0.7897   0.0287   0.344
7    0.063    0.8739   0.7944
8    0.5983   0.3123   0.9389
9    0.6664   0.8876   0.595
10   0.2213   0.5267   0.4759
11   0.7118   0.4898   0.8836
12   0.7552   0.4639   0.273
13   0.1724   0.0595   0.6284
14   0.6957   0.7741   0.3736
15   0.4724   0.2209   0.6542
16   0.9866   0.9415   0.2232
17   0.7222   0.5544   0.464
18   0.063    0.7821   0.1198
19   0.8528   0.4534   0.9146
20   0.9094   0.8704   0.4809
;

