set P := 1 2 3 4 5 6 7 8 9 10 11 12 13 14 15 16 17 18 19 20;

set I := 1 2 3 4 5 6 7 8 9 10 11 12;

param 
v [*,*]
:      1        2        3        4        5        6        7        8      :=
1    0.9164   0.534    0.9087   0.5367   0.0703   0.6201   0.9815   0.8705
2    0.3027   0.7731   0.5744   0.3383   0.5769   0.1087   0.2953   0.1332
3    0.5462   0.3657   0.9209   0.1402   0.8729   0.8341   0.3804   0.7962
4    0.6523   0.7818   0.698    0.7584   0.831    0.5567   0.1484   0.3854
5    0.0097   0.4185   0.9386   0.3109   0.2868   0.2813   0.9284   0.5164
6    0.14     0.588    0.2172   0.7785   0.9719   0.7721   0.2877   0.7134
7    0.1517   0.3169   0.9577   0.5386   0.0827   0.4156   0.8535   0.4486
8    0.907    0.031    0.9005   0.6134   0.9687   0.1973   0.2505   0.2389
9    0.7583   0.2184   0.3276   0.1364   0.0564   0.4233   0.6379   0.008
10   0.6901   0.4785   0.8526   0.5518   0.686    0.599    0.3506   0.0917
11   0.1746   0.089    0.9034   0.1814   0.5148   0.7283   0.1989   0.4077
12   0.8021   0.3671   0.5669   0.0812   0.9604   0.0735   0.3021   0.655
13   0.6655   0.0192   0.8171   0.48     0.3474   0.3638   0.8008   0.8833
14   0.5365   0.2559   0.9605   0.5718   0.8977   0.2657   0.7032   0.1455
15   0.4751   0.4188   0.5533   0.1357   0.4303   0.7543   0.5054   0.5123
16   0.4147   0.3107   0.2651   0.8653   0.9464   0.971    0.2232   0.2547
17   0.2284   0.6708   0.0024   0.5497   0.2999   0.7239   0.0983   0.4697
18   0.97     0.4625   0.2123   0.5857   0.9457   0.8743   0.3562   0.8584
19   0.3062   0.2737   0.4103   0.311    0.7814   0.9595   0.1565   0.1382
20   0.2508   0.2614   0.1296   0.7404   0.9228   0.8327   0.6679   0.1117

:      9        10       11       12      :=
1    0.2873   0.013    0.7882   0.3719
2    0.8239   0.0228   0.745    0.7266
3    0.2415   0.7638   0.4282   0.2822
4    0.0542   0.3663   0.7107   0.7727
5    0.4911   0.1361   0.9299   0.6352
6    0.3154   0.3199   0.9139   0.4324
7    0.5488   0.7282   0.0947   0.1623
8    0.2237   0.1171   0.9871   0.0663
9    0.6938   0.3296   0.5674   0.66
10   0.7356   0.2573   0.9953   0.5281
11   0.6993   0.9136   0.0853   0.9115
12   0.5476   0.9132   0.5172   0.0537
13   0.2998   0.6726   0.981    0.9877
14   0.2883   0.8623   0.0859   0.8502
15   0.1705   0.7535   0.0596   0.5683
16   0.8574   0.239    0.6489   0.4481
17   0.8008   0.0612   0.5891   0.2631
18   0.9109   0.7604   0.8787   0.9148
19   0.8246   0.203    0.9184   0.936
20   0.4299   0.0232   0.7377   0.9006
;

