set P := 1 2 3 4 5 6 7 8 9 10 11 12 13 14 15 16 17 18 19 20;

set I := 1 2 3 4 5 6 7 8 9 10 11 12 13;

param 
v [*,*]
:      1        2        3        4        5        6        7        8      :=
1    0.1767   0.0212   0.3745   0.4239   0.9412   0.8604   0.3948   0.9967
2    0.3318   0.1229   0.9016   0.2699   0.5186   0.9123   0.4353   0.2634
3    0.1153   0.2973   0.4496   0.5158   0.7843   0.8452   0.8286   0.6829
4    0.7709   0.2292   0.6813   0.3659   0.6852   0.5858   0.7231   0.2398
5    0.2007   0.8084   0.9193   0.2258   0.0525   0.8035   0.0185   0.9476
6    0.8796   0.0753   0.2234   0.6463   0.4969   0.7469   0.8967   0.32
7    0.2623   0.9466   0.0455   0.1457   0.9823   0.052    0.0708   0.6001
8    0.1677   0.0118   0.6937   0.6324   0.0306   0.1941   0.2682   0.6192
9    0.0163   0.7745   0.7596   0.8096   0.3979   0.0251   0.4096   0.8248
10   0.5549   0.8961   0.6491   0.2633   0.3015   0.2811   0.152    0.4877
11   0.4826   0.9706   0.4709   0.7716   0.3231   0.9629   0.2582   0.8861
12   0.5553   0.4693   0.3086   0.7295   0.8822   0.2662   0.4558   0.0593
13   0.4022   0.2073   0.1023   0.7976   0.6625   0.2073   0.9789   0.7036
14   0.3342   0.3097   0.8754   0.8946   0.4451   0.0041   0.4086   0.4402
15   0.9507   0.865    0.0653   0.5149   0.1054   0.3568   0.3024   0.6069
16   0.2599   0.8343   0.6163   0.3353   0.7254   0.5326   0.5057   0.6444
17   0.3955   0.6303   0.0351   0.7089   0.1533   0.2227   0.5291   0.0116
18   0.8148   0.7782   0.4548   0.2307   0.0308   0.0257   0.0126   0.999
19   0.0726   0.9788   0.483    0.3947   0.7121   0.2312   0.0354   0.0306
20   0.2342   0.9288   0.4219   0.7905   0.6158   0.5825   0.4074   0.4174

:      9        10       11       12       13      :=
1    0.6629   0.793    0.287    0.3872   0.1269
2    0.0418   0.407    0.4188   0.2329   0.218
3    0.3333   0.5735   0.8959   0.1913   0.4186
4    0.7429   0.9192   0.3446   0.6698   0.8762
5    0.7994   0.5413   0.4843   0.4691   0.4265
6    0.9451   0.1761   0.3859   0.6827   0.6496
7    0.2174   0.3223   0.4933   0.1926   0.3678
8    0.4286   0.8596   0.6605   0.8809   0.9033
9    0.2791   0.8054   0.7832   0.2179   0.0565
10   0.0371   0.9557   0.9693   0.7423   0.4573
11   0.0956   0.1657   0.5182   0.5648   0.7916
12   0.9423   0.2484   0.8172   0.7998   0.3394
13   0.8635   0.0834   0.0432   0.8499   0.9535
14   0.2072   0.1547   0.9992   0.7218   0.9231
15   0.3909   0.2971   0.2684   0.8404   0.8887
16   0.4105   0.7927   0.651    0.2561   0.9958
17   0.4246   0.7445   0.1736   0.3537   0.3426
18   0.6564   0.0659   0.9546   0.126    0.6748
19   0.2711   0.7562   0.7392   0.0712   0.8262
20   0.2976   0.7482   0.1746   0.0974   0.275
;

