set P := 1 2 3 4 5 6 7 8 9 10 11 12 13 14 15 16 17 18 19 20;

set I := 1 2 3 4 5 6 7 8 9 10 11 12 13 14;

param 
v [*,*]
:      1        2        3        4        5        6        7        8      :=
1    0.2843   0.9385   0.1861   0.8438   0.2293   0.9571   0.9769   0.7745
2    0.8822   0.3979   0.421    0.3707   0.001    0.9419   0.2531   0.717
3    0.6522   0.6127   0.5947   0.1239   0.1603   0.6305   0.9199   0.6425
4    0.0016   0.6691   0.549    0.1286   0.4095   0.7662   0.3432   0.2536
5    0.4927   0.3829   0.2998   0.3525   0.2587   0.7346   0.811    0.8069
6    0.7948   0.4199   0.6615   0.2657   0.3063   0.0165   0.5538   0.8532
7    0.9237   0.2232   0.5051   0.13     0.6637   0.7063   0.1102   0.3396
8    0.7601   0.5919   0.9293   0.846    0.3705   0.8661   0.2164   0.6434
9    0.589    0.6076   0.9888   0.7836   0.808    0.7585   0.5218   0.7777
10   0.6066   0.2344   0.5593   0.2204   0.3387   0.6509   0.7347   0.7816
11   0.7841   0.4682   0.8918   0.5687   0.1193   0.1665   0.5886   0.05
12   0.9667   0.6559   0.3531   0.5819   0.3044   0.0307   0.4835   0.0439
13   0.4929   0.4699   0.0091   0.6591   0.5949   0.7713   0.6489   0.8166
14   0.1116   0.8316   0.245    0.8304   0.6242   0.7283   0.179    0.4787
15   0.5936   0.1156   0.9254   0.9752   0.536    0.2639   0.7135   0.3286
16   0.271    0.7323   0.6059   0.8565   0.58     0.6079   0.3114   0.1024
17   0.385    0.8947   0.9816   0.0553   0.2283   0.6332   0.2641   0.0422
18   0.1439   0.0727   0.3106   0.9101   0.2508   0.2545   0.1927   0.5577
19   0.4101   0.4476   0.2952   0.5475   0.2005   0.604    0.9605   0.9761
20   0.4229   0.6714   0.5576   0.8463   0.7073   0.4971   0.1911   0.0521

:      9        10       11       12       13       14      :=
1    0.328    0.295    0.5834   0.429    0.5065   0.3287
2    0.9374   0.799    0.132    0.0309   0.4158   0.3535
3    0.7837   0.0193   0.9005   0.1735   0.0858   0.4252
4    0.2347   0.3343   0.6078   0.459    0.9085   0.4594
5    0.758    0.0374   0.2746   0.2851   0.1479   0.6531
6    0.3482   0.4097   0.2336   0.5546   0.2364   0.695
7    0.6336   0.5727   0.3392   0.0283   0.6091   0.3114
8    0.6751   0.3261   0.9254   0.6784   0.8199   0.2199
9    0.7142   0.3048   0.5184   0.8847   0.4978   0.8219
10   0.9548   0.4521   0.8692   0.9711   0.8875   0.1067
11   0.7251   0.3199   0.9602   0.9219   0.0745   0.6696
12   0.8502   0.7839   0.9863   0.1619   0.626    0.2157
13   0.1617   0.8202   0.0281   0.7075   0.3805   0.4713
14   0.4348   0.6275   0.0239   0.1333   0.5229   0.7729
15   0.687    0.8429   0.6287   0.3981   0.9809   0.6776
16   0.0572   0.911    0.4412   0.3056   0.7637   0.8017
17   0.6164   0.2363   0.6543   0.8391   0.8372   0.1329
18   0.0466   0.5046   0.3517   0.9206   0.6688   0.1297
19   0.6269   0.5311   0.7906   0.5309   0.1888   0.8048
20   0.5797   0.459    0.2392   0.6772   0.1512   0.8313
;

