set P := 1 2 3 4 5 6 7 8 9 10 11 12 13 14 15 16 17 18 19 20;

set I := 1 2 3 4 5 6 7 8 9 10 11 12 13 14 15;

param 
v [*,*]
:      1        2        3        4        5        6        7        8      :=
1    0.3524   0.243    0.1544   0.9298   0.1036   0.5997   0.0734   0.7826
2    0.6855   0.8499   0.7492   0.46     0.5442   0.3973   0.3006   0.697
3    0.53     0.8468   0.8043   0.0577   0.8665   0.6741   0.5232   0.4905
4    0.5937   0.5568   0.4183   0.5139   0.5958   0.0367   0.4875   0.5566
5    0.9894   0.9157   0.5822   0.2962   0.9957   0.7319   0.7024   0.0514
6    0.7303   0.5182   0.7595   0.9856   0.7009   0.7717   0.5993   0.8834
7    0.081    0.0048   0.7087   0.9686   0.6243   0.7377   0.7688   0.0892
8    0.7601   0.8706   0.5426   0.9844   0.9071   0.6965   0.1011   0.9953
9    0.8692   0.3163   0.8929   0.6554   0.3311   0.9808   0.475    0.4248
10   0.0815   0.4132   0.4984   0.7816   0.5188   0.7064   0.4631   0.0669
11   0.5288   0.4795   0.6576   0.3053   0.979    0.1898   0.221    0.8793
12   0.5912   0.2017   0.5254   0.332    0.9603   0.8997   0.1286   0.3343
13   0.9605   0.1353   0.0502   0.718    0.3631   0.0069   0.5597   0.2356
14   0.6119   0.7094   0.2304   0.7014   0.932    0.928    0.4023   0.0309
15   0.4819   0.9413   0.5603   0.1911   0.4558   0.2731   0.5737   0.1469
16   0.5061   0.9637   0.8054   0.1897   0.7119   0.1601   0.3602   0.9913
17   0.523    0.3033   0.5447   0.1869   0.9598   0.6104   0.5951   0.1126
18   0.1255   0.1452   0.1333   0.2809   0.5812   0.5979   0.8719   0.5338
19   0.9869   0.5323   0.9228   0.7996   0.8038   0.5775   0.9137   0.5622
20   0.8055   0.6961   0.1424   0.1743   0.7496   0.3559   0.9051   0.0389

:      9        10       11       12       13       14       15      :=
1    0.5716   0.8289   0.9078   0.534    0.8685   0.0538   0.4661
2    0.5944   0.2122   0.1433   0.2301   0.9401   0.0588   0.2353
3    0.9888   0.4277   0.0301   0.8163   0.7364   0.9898   0.7906
4    0.9572   0.5653   0.9497   0.8957   0.0473   0.8571   0.8395
5    0.5433   0.4534   0.7148   0.0374   0.7095   0.3539   0.2749
6    0.2373   0.1801   0.4231   0.5362   0.7148   0.8581   0.8897
7    0.8135   0.1332   0.2427   0.6479   0.2938   0.4767   0.9223
8    0.5975   0.8152   0.1414   0.1232   0.4091   0.688    0.5214
9    0.4055   0.721    0.7345   0.7627   0.274    0.4656   0.5237
10   0.0162   0.8402   0.1602   0.292    0.454    0.6246   0.1201
11   0.7922   0.3457   0.9956   0.2979   0.8436   0.125    0.4119
12   0.181    0.8746   0.7865   0.2057   0.4501   0.9428   0.8561
13   0.9546   0.4335   0.9995   0.8241   0.1688   0.5748   0.4046
14   0.3543   0.9933   0.8704   0.2145   0.9344   0.1694   0.8165
15   0.9359   0.1639   0.4579   0.6698   0.1152   0.6562   0.1986
16   0.3059   0.2771   0.0681   0.0636   0.737    0.7838   0.0823
17   0.4669   0.9829   0.4026   0.525    0.0806   0.109    0.11
18   0.5202   0.7325   0.5008   0.6158   0.9303   0.4011   0.9813
19   0.9631   0.0995   0.3405   0.1715   0.7402   0.471    0.0056
20   0.5227   0.8269   0.5276   0.8677   0.4306   0.0692   0.187
;

