solveResult, pEnvyFree, solveElapsedTime, totalSolveElaspsedTime, |P|, |I|, cash
2, 0.0465, 0.0196, 0.0196, 4, 5, 0
2, 0.0465, 0.0366, 0.0562, 4, 5, 0.01
2, 0.0465, 0.0388, 0.095, 4, 5, 0.02
2, 0.0464, 0.0227, 0.1178, 4, 5, 0.03
2, 0.0464, 0.0483, 0.1661, 4, 5, 0.04
2, 0.0464, 0.0269, 0.193, 4, 5, 0.05
2, 0.0464, 0.0311, 0.2241, 4, 5, 0.06
2, 0.0463, 0.0337, 0.2577, 4, 5, 0.07
2, 0.0463, 0.0271, 0.2848, 4, 5, 0.08
2, 0.0463, 0.0345, 0.3193, 4, 5, 0.09
2, 0.0463, 0.0211, 0.3403, 4, 5, 0.1
2, 0.0462, 0.0179, 0.3583, 4, 5, 0.11
2, 0.0462, 0.048, 0.4063, 4, 5, 0.12
2, 0.0462, 0.0567, 0.463, 4, 5, 0.13
2, 0.0462, 0.0252, 0.4882, 4, 5, 0.14
2, 0.0461, 0.0212, 0.5094, 4, 5, 0.15
2, 0.0461, 0.0195, 0.5289, 4, 5, 0.16
2, 0.0461, 0.0208, 0.5497, 4, 5, 0.17
2, 0.0461, 0.0239, 0.5736, 4, 5, 0.18
2, 0.046, 0.0332, 0.6067, 4, 5, 0.19
2, 0.046, 0.0222, 0.6289, 4, 5, 0.2
2, 0.046, 0.0226, 0.6516, 4, 5, 0.21
2, 0.046, 0.0211, 0.6726, 4, 5, 0.22
2, 0.046, 0.0285, 0.7011, 4, 5, 0.23
2, 0.0459, 0.0259, 0.727, 4, 5, 0.24
2, 0.0459, 0.0347, 0.7617, 4, 5, 0.25
2, 0.0459, 0.036, 0.7978, 4, 5, 0.26
2, 0.0459, 0.0371, 0.8348, 4, 5, 0.27
2, 0.0458, 0.0196, 0.8545, 4, 5, 0.28
2, 0.0458, 0.019, 0.8735, 4, 5, 0.29
2, 0.0458, 0.0264, 0.8999, 4, 5, 0.3
2, 0.0458, 0.0205, 0.9204, 4, 5, 0.31
2, 0.0457, 0.0186, 0.939, 4, 5, 0.32
2, 0.0457, 0.0369, 0.976, 4, 5, 0.33
2, 0.0457, 0.0269, 1.0029, 4, 5, 0.34
2, 0.0457, 0.0375, 1.0403, 4, 5, 0.35
2, 0.0456, 0.0413, 1.0816, 4, 5, 0.36
2, 0.0456, 0.0317, 1.1133, 4, 5, 0.37
2, 0.0456, 0.0197, 1.133, 4, 5, 0.38
2, 0.0456, 0.0224, 1.1554, 4, 5, 0.39
2, 0.0455, 0.0376, 1.1931, 4, 5, 0.4
2, 0.0455, 0.0926, 1.2857, 4, 5, 0.41
2, 0.0455, 0.0255, 1.3111, 4, 5, 0.42
2, 0.0455, 0.0253, 1.3364, 4, 5, 0.43
2, 0.0454, 0.0187, 1.3552, 4, 5, 0.44
2, 0.0454, 0.0277, 1.3829, 4, 5, 0.45
2, 0.0454, 0.0267, 1.4095, 4, 5, 0.46
2, 0.0454, 0.0316, 1.4411, 4, 5, 0.47
2, 0.0453, 0.0377, 1.4788, 4, 5, 0.48
2, 0.0453, 0.0201, 1.499, 4, 5, 0.49
2, 0.0453, 0.0185, 1.5175, 4, 5, 0.5
2, 0.0453, 0.0263, 1.5438, 4, 5, 0.51
2, 0.0452, 0.0262, 1.57, 4, 5, 0.52
2, 0.0452, 0.0249, 1.5949, 4, 5, 0.53
2, 0.0452, 0.0265, 1.6214, 4, 5, 0.54
2, 0.0452, 0.022, 1.6434, 4, 5, 0.55
2, 0.0452, 0.0322, 1.6755, 4, 5, 0.56
2, 0.0451, 0.0207, 1.6963, 4, 5, 0.57
2, 0.0451, 0.0218, 1.718, 4, 5, 0.58
2, 0.0451, 0.0377, 1.7558, 4, 5, 0.59
2, 0.0451, 0.0333, 1.7891, 4, 5, 0.6
2, 0.045, 0.0326, 1.8217, 4, 5, 0.61
2, 0.045, 0.0253, 1.847, 4, 5, 0.62
2, 0.045, 0.0265, 1.8735, 4, 5, 0.63
2, 0.045, 0.0317, 1.9052, 4, 5, 0.64
2, 0.0449, 0.0612, 1.9664, 4, 5, 0.65
2, 0.0449, 0.0244, 1.9907, 4, 5, 0.66
2, 0.0449, 0.042, 2.0327, 4, 5, 0.67
2, 0.0449, 0.0295, 2.0622, 4, 5, 0.68
2, 0.0448, 0.0342, 2.0964, 4, 5, 0.69
2, 0.0448, 0.0498, 2.1462, 4, 5, 0.7
2, 0.0448, 0.024, 2.1703, 4, 5, 0.71
2, 0.0448, 0.0341, 2.2044, 4, 5, 0.72
2, 0.0447, 0.0207, 2.2252, 4, 5, 0.73
2, 0.0447, 0.022, 2.2472, 4, 5, 0.74
2, 0.0447, 0.0505, 2.2976, 4, 5, 0.75
2, 0.0447, 0.0563, 2.3539, 4, 5, 0.76
2, 0.0446, 0.0256, 2.3794, 4, 5, 0.77
2, 0.0446, 0.0257, 2.4051, 4, 5, 0.78
2, 0.0446, 0.0204, 2.4255, 4, 5, 0.79
2, 0.0446, 0.0477, 2.4732, 4, 5, 0.8
2, 0.0445, 0.0209, 2.4941, 4, 5, 0.81
2, 0.0445, 0.046, 2.5401, 4, 5, 0.82
2, 0.0445, 0.0938, 2.634, 4, 5, 0.83
2, 0.0445, 0.0836, 2.7176, 4, 5, 0.84
2, 0.0444, 0.038, 2.7556, 4, 5, 0.85
2, 0.0444, 0.0319, 2.7875, 4, 5, 0.86
2, 0.0444, 0.0315, 2.819, 4, 5, 0.87
2, 0.0444, 0.0314, 2.8504, 4, 5, 0.88
2, 0.0444, 0.0305, 2.8809, 4, 5, 0.89
2, 0.0443, 0.0325, 2.9134, 4, 5, 0.9
2, 0.0443, 0.0299, 2.9434, 4, 5, 0.91
2, 0.0443, 0.0238, 2.9672, 4, 5, 0.92
2, 0.0443, 0.025, 2.9922, 4, 5, 0.93
2, 0.0442, 0.0275, 3.0197, 4, 5, 0.94
2, 0.0442, 0.0348, 3.0545, 4, 5, 0.95
2, 0.0442, 0.0324, 3.087, 4, 5, 0.96
2, 0.0442, 0.0213, 3.1083, 4, 5, 0.97
2, 0.0441, 0.0338, 3.142, 4, 5, 0.98
2, 0.0441, 0.0728, 3.2149, 4, 5, 0.99
2, 0.0441, 0.053, 3.2679, 4, 5, 1
2, 0.0441, 0.0273, 3.2951, 4, 5, 1.01
2, 0.044, 0.031, 3.3262, 4, 5, 1.02
2, 0.044, 0.0272, 3.3533, 4, 5, 1.03
2, 0.044, 0.0944, 3.4478, 4, 5, 1.04
2, 0.044, 0.0328, 3.4806, 4, 5, 1.05
2, 0.0439, 0.0307, 3.5113, 4, 5, 1.06
2, 0.0439, 0.0353, 3.5467, 4, 5, 1.07
2, 0.0439, 0.0323, 3.5789, 4, 5, 1.08
2, 0.0439, 0.0295, 3.6084, 4, 5, 1.09
2, 0.0438, 0.0271, 3.6355, 4, 5, 1.1
2, 0.0438, 0.0241, 3.6596, 4, 5, 1.11
2, 0.0438, 0.0206, 3.6802, 4, 5, 1.12
2, 0.0438, 0.0208, 3.701, 4, 5, 1.13
2, 0.0437, 0.0194, 3.7204, 4, 5, 1.14
2, 0.0437, 0.0198, 3.7402, 4, 5, 1.15
2, 0.0437, 0.022, 3.7621, 4, 5, 1.16
2, 0.0437, 0.0315, 3.7936, 4, 5, 1.17
2, 0.0436, 0.0219, 3.8155, 4, 5, 1.18
2, 0.0436, 0.0212, 3.8367, 4, 5, 1.19
2, 0.0436, 0.0207, 3.8573, 4, 5, 1.2
2, 0.0436, 0.0243, 3.8817, 4, 5, 1.21
2, 0.0436, 0.0239, 3.9055, 4, 5, 1.22
2, 0.0435, 0.0452, 3.9508, 4, 5, 1.23
2, 0.0435, 0.0292, 3.98, 4, 5, 1.24
2, 0.0435, 0.0293, 4.0093, 4, 5, 1.25
2, 0.0435, 0.0239, 4.0332, 4, 5, 1.26
2, 0.0434, 0.0225, 4.0557, 4, 5, 1.27
2, 0.0434, 0.0197, 4.0754, 4, 5, 1.28
2, 0.0434, 0.0269, 4.1023, 4, 5, 1.29
2, 0.0434, 0.0197, 4.122, 4, 5, 1.3
2, 0.0433, 0.0189, 4.141, 4, 5, 1.31
2, 0.0433, 0.022, 4.163, 4, 5, 1.32
2, 0.0433, 0.0362, 4.1992, 4, 5, 1.33
2, 0.0433, 0.0199, 4.219, 4, 5, 1.34
2, 0.0432, 0.0381, 4.2572, 4, 5, 1.35
2, 0.0432, 0.0378, 4.295, 4, 5, 1.36
2, 0.0432, 0.0265, 4.3216, 4, 5, 1.37
2, 0.0432, 0.0245, 4.3461, 4, 5, 1.38
2, 0.0431, 0.0264, 4.3725, 4, 5, 1.39
2, 0.0431, 0.0563, 4.4288, 4, 5, 1.4
2, 0.0431, 0.0348, 4.4635, 4, 5, 1.41
2, 0.0431, 0.0402, 4.5037, 4, 5, 1.42
2, 0.043, 0.0524, 4.5561, 4, 5, 1.43
2, 0.043, 0.0573, 4.6134, 4, 5, 1.44
2, 0.043, 0.033, 4.6464, 4, 5, 1.45
2, 0.043, 0.0308, 4.6772, 4, 5, 1.46
2, 0.0429, 0.0337, 4.7109, 4, 5, 1.47
2, 0.0429, 0.0297, 4.7407, 4, 5, 1.48
2, 0.0429, 0.0247, 4.7653, 4, 5, 1.49
2, 0.0429, 0.0355, 4.8008, 4, 5, 1.5
2, 0.0428, 0.0425, 4.8433, 4, 5, 1.51
2, 0.0428, 0.0204, 4.8638, 4, 5, 1.52
2, 0.0428, 0.02, 4.8838, 4, 5, 1.53
2, 0.0428, 0.0289, 4.9126, 4, 5, 1.54
2, 0.0428, 0.0389, 4.9516, 4, 5, 1.55
2, 0.0427, 0.0277, 4.9793, 4, 5, 1.56
2, 0.0427, 0.0516, 5.0308, 4, 5, 1.57
2, 0.0427, 0.0201, 5.051, 4, 5, 1.58
2, 0.0427, 0.0231, 5.074, 4, 5, 1.59
2, 0.0426, 0.0414, 5.1154, 4, 5, 1.6
2, 0.0426, 0.1057, 5.2211, 4, 5, 1.61
2, 0.0426, 0.0235, 5.2446, 4, 5, 1.62
2, 0.0426, 0.0417, 5.2863, 4, 5, 1.63
2, 0.0425, 0.0259, 5.3123, 4, 5, 1.64
2, 0.0425, 0.0275, 5.3398, 4, 5, 1.65
2, 0.0425, 0.0222, 5.3619, 4, 5, 1.66
2, 0.0425, 0.0516, 5.4135, 4, 5, 1.67
2, 0.0424, 0.08, 5.4936, 4, 5, 1.68
2, 0.0424, 0.0317, 5.5252, 4, 5, 1.69
2, 0.0424, 0.0226, 5.5478, 4, 5, 1.7
2, 0.0424, 0.018, 5.5658, 4, 5, 1.71
2, 0.0423, 0.0195, 5.5853, 4, 5, 1.72
2, 0.0423, 0.0229, 5.6082, 4, 5, 1.73
2, 0.0423, 0.0205, 5.6288, 4, 5, 1.74
2, 0.0423, 0.0196, 5.6484, 4, 5, 1.75
2, 0.0422, 0.0209, 5.6693, 4, 5, 1.76
2, 0.0422, 0.0515, 5.7208, 4, 5, 1.77
2, 0.0422, 0.0272, 5.748, 4, 5, 1.78
2, 0.0422, 0.0284, 5.7764, 4, 5, 1.79
2, 0.0421, 0.0177, 5.794, 4, 5, 1.8
2, 0.0421, 0.0206, 5.8147, 4, 5, 1.81
2, 0.0421, 0.0225, 5.8371, 4, 5, 1.82
2, 0.0421, 0.0213, 5.8585, 4, 5, 1.83
2, 0.0421, 0.0322, 5.8907, 4, 5, 1.84
2, 0.042, 0.0662, 5.9569, 4, 5, 1.85
2, 0.042, 0.0555, 6.0124, 4, 5, 1.86
2, 0.042, 0.0444, 6.0568, 4, 5, 1.87
2, 0.042, 0.021, 6.0778, 4, 5, 1.88
2, 0.0419, 0.0281, 6.1059, 4, 5, 1.89
2, 0.0419, 0.0271, 6.133, 4, 5, 1.9
2, 0.0419, 0.021, 6.154, 4, 5, 1.91
2, 0.0419, 0.0246, 6.1786, 4, 5, 1.92
2, 0.0418, 0.037, 6.2155, 4, 5, 1.93
2, 0.0418, 0.0245, 6.24, 4, 5, 1.94
2, 0.0418, 0.0174, 6.2574, 4, 5, 1.95
2, 0.0418, 0.0247, 6.2822, 4, 5, 1.96
2, 0.0417, 0.0258, 6.308, 4, 5, 1.97
2, 0.0417, 0.0179, 6.3259, 4, 5, 1.98
2, 0.0417, 0.0209, 6.3468, 4, 5, 1.99
2, 0.0417, 0.0251, 6.3719, 4, 5, 2
2, 0.0416, 0.0192, 6.3911, 4, 5, 2.01
2, 0.0416, 0.0387, 6.4297, 4, 5, 2.02
2, 0.0416, 0.0854, 6.5151, 4, 5, 2.03
2, 0.0416, 0.0502, 6.5652, 4, 5, 2.04
2, 0.0415, 0.0198, 6.5851, 4, 5, 2.05
2, 0.0415, 0.024, 6.6091, 4, 5, 2.06
2, 0.0415, 0.0406, 6.6497, 4, 5, 2.07
2, 0.0415, 0.0275, 6.6772, 4, 5, 2.08
2, 0.0414, 0.0303, 6.7075, 4, 5, 2.09
2, 0.0414, 0.0371, 6.7446, 4, 5, 2.1
2, 0.0414, 0.0273, 6.7719, 4, 5, 2.11
2, 0.0414, 0.0266, 6.7985, 4, 5, 2.12
2, 0.0414, 0.0381, 6.8366, 4, 5, 2.13
2, 0.0413, 0.0187, 6.8553, 4, 5, 2.14
2, 0.0413, 0.0194, 6.8747, 4, 5, 2.15
2, 0.0413, 0.0288, 6.9035, 4, 5, 2.16
2, 0.0413, 0.0459, 6.9494, 4, 5, 2.17
2, 0.0412, 0.0231, 6.9725, 4, 5, 2.18
2, 0.0412, 0.0406, 7.0131, 4, 5, 2.19
2, 0.0412, 0.0189, 7.032, 4, 5, 2.2
2, 0.0412, 0.0584, 7.0904, 4, 5, 2.21
2, 0.0411, 0.0178, 7.1082, 4, 5, 2.22
2, 0.0411, 0.0184, 7.1266, 4, 5, 2.23
2, 0.0411, 0.0185, 7.1451, 4, 5, 2.24
2, 0.0411, 0.0173, 7.1624, 4, 5, 2.25
2, 0.041, 0.0199, 7.1823, 4, 5, 2.26
2, 0.041, 0.0276, 7.21, 4, 5, 2.27
2, 0.041, 0.0299, 7.2399, 4, 5, 2.28
2, 0.041, 0.0256, 7.2655, 4, 5, 2.29
2, 0.0409, 0.0255, 7.291, 4, 5, 2.3
2, 0.0409, 0.0586, 7.3496, 4, 5, 2.31
2, 0.0409, 0.0204, 7.37, 4, 5, 2.32
2, 0.0409, 0.0409, 7.4109, 4, 5, 2.33
2, 0.0408, 0.0258, 7.4367, 4, 5, 2.34
2, 0.0408, 0.0202, 7.4569, 4, 5, 2.35
2, 0.0408, 0.0217, 7.4786, 4, 5, 2.36
2, 0.0408, 0.0185, 7.4972, 4, 5, 2.37
2, 0.0408, 0.0175, 7.5146, 4, 5, 2.38
2, 0.0407, 0.0255, 7.5401, 4, 5, 2.39
2, 0.0407, 0.0225, 7.5626, 4, 5, 2.4
2, 0.0407, 0.0173, 7.5798, 4, 5, 2.41
2, 0.0407, 0.0182, 7.5981, 4, 5, 2.42
2, 0.0406, 0.0224, 7.6205, 4, 5, 2.43
2, 0.0406, 0.0186, 7.639, 4, 5, 2.44
2, 0.0406, 0.0192, 7.6582, 4, 5, 2.45
2, 0.0406, 0.0191, 7.6773, 4, 5, 2.46
2, 0.0405, 0.0221, 7.6995, 4, 5, 2.47
2, 0.0405, 0.0278, 7.7272, 4, 5, 2.48
2, 0.0405, 0.0201, 7.7474, 4, 5, 2.49
2, 0.0405, 0.0212, 7.7686, 4, 5, 2.5
2, 0.0404, 0.02, 7.7886, 4, 5, 2.51
2, 0.0404, 0.0229, 7.8115, 4, 5, 2.52
2, 0.0404, 0.0249, 7.8364, 4, 5, 2.53
2, 0.0404, 0.018, 7.8544, 4, 5, 2.54
2, 0.0403, 0.018, 7.8724, 4, 5, 2.55
2, 0.0403, 0.0182, 7.8906, 4, 5, 2.56
2, 0.0403, 0.0175, 7.9081, 4, 5, 2.57
2, 0.0403, 0.0275, 7.9356, 4, 5, 2.58
2, 0.0402, 0.0238, 7.9594, 4, 5, 2.59
2, 0.0402, 0.0258, 7.9852, 4, 5, 2.6
2, 0.0402, 0.0224, 8.0075, 4, 5, 2.61
2, 0.0402, 0.0189, 8.0264, 4, 5, 2.62
2, 0.0401, 0.0188, 8.0452, 4, 5, 2.63
2, 0.0401, 0.0195, 8.0647, 4, 5, 2.64
2, 0.0401, 0.0178, 8.0825, 4, 5, 2.65
2, 0.0401, 0.0183, 8.1008, 4, 5, 2.66
2, 0.0401, 0.0196, 8.1204, 4, 5, 2.67
2, 0.04, 0.0236, 8.144, 4, 5, 2.68
2, 0.04, 0.0193, 8.1633, 4, 5, 2.69
2, 0.04, 0.0175, 8.1808, 4, 5, 2.7
2, 0.04, 0.0186, 8.1994, 4, 5, 2.71
2, 0.0399, 0.0177, 8.2171, 4, 5, 2.72
2, 0.0399, 0.0191, 8.2363, 4, 5, 2.73
2, 0.0399, 0.0202, 8.2565, 4, 5, 2.74
2, 0.0399, 0.018, 8.2745, 4, 5, 2.75
2, 0.0398, 0.0207, 8.2952, 4, 5, 2.76
2, 0.0398, 0.0175, 8.3127, 4, 5, 2.77
2, 0.0398, 0.018, 8.3307, 4, 5, 2.78
2, 0.0398, 0.0181, 8.3489, 4, 5, 2.79
2, 0.0397, 0.0177, 8.3666, 4, 5, 2.8
2, 0.0397, 0.0161, 8.3827, 4, 5, 2.81
2, 0.0397, 0.0144, 8.3971, 4, 5, 2.82
2, 0.0397, 0.0143, 8.4114, 4, 5, 2.83
2, 0.0396, 0.0157, 8.4271, 4, 5, 2.84
2, 0.0396, 0.0203, 8.4474, 4, 5, 2.85
2, 0.0396, 0.017, 8.4644, 4, 5, 2.86
2, 0.0396, 0.0197, 8.4841, 4, 5, 2.87
2, 0.0395, 0.0171, 8.5011, 4, 5, 2.88
2, 0.0395, 0.0184, 8.5195, 4, 5, 2.89
2, 0.0395, 0.0186, 8.5381, 4, 5, 2.9
2, 0.0395, 0.0287, 8.5667, 4, 5, 2.91
2, 0.0395, 0.0315, 8.5982, 4, 5, 2.92
2, 0.0394, 0.0265, 8.6247, 4, 5, 2.93
2, 0.0394, 0.0174, 8.6422, 4, 5, 2.94
2, 0.0394, 0.0176, 8.6597, 4, 5, 2.95
2, 0.0394, 0.019, 8.6787, 4, 5, 2.96
2, 0.0393, 0.0233, 8.702, 4, 5, 2.97
2, 0.0393, 0.0243, 8.7263, 4, 5, 2.98
2, 0.0393, 0.0215, 8.7478, 4, 5, 2.99
2, 0.0393, 0.0212, 8.769, 4, 5, 3
2, 0.0392, 0.0204, 8.7894, 4, 5, 3.01
2, 0.0392, 0.0221, 8.8114, 4, 5, 3.02
2, 0.0392, 0.0201, 8.8315, 4, 5, 3.03
2, 0.0392, 0.0217, 8.8531, 4, 5, 3.04
2, 0.0391, 0.0566, 8.9098, 4, 5, 3.05
2, 0.0391, 0.0548, 8.9646, 4, 5, 3.06
2, 0.0391, 0.0345, 8.999, 4, 5, 3.07
2, 0.0391, 0.0253, 9.0243, 4, 5, 3.08
2, 0.039, 0.0172, 9.0415, 4, 5, 3.09
2, 0.039, 0.0187, 9.0602, 4, 5, 3.1
2, 0.039, 0.018, 9.0783, 4, 5, 3.11
2, 0.039, 0.0337, 9.112, 4, 5, 3.12
2, 0.0389, 0.0207, 9.1327, 4, 5, 3.13
2, 0.0389, 0.0196, 9.1524, 4, 5, 3.14
2, 0.0389, 0.0205, 9.1729, 4, 5, 3.15
2, 0.0389, 0.033, 9.2059, 4, 5, 3.16
2, 0.0389, 0.0245, 9.2303, 4, 5, 3.17
2, 0.0388, 0.021, 9.2514, 4, 5, 3.18
2, 0.0388, 0.0248, 9.2762, 4, 5, 3.19
2, 0.0388, 0.0468, 9.323, 4, 5, 3.2
2, 0.0388, 0.0226, 9.3456, 4, 5, 3.21
2, 0.0387, 0.0229, 9.3684, 4, 5, 3.22
2, 0.0387, 0.0296, 9.398, 4, 5, 3.23
2, 0.0387, 0.041, 9.439, 4, 5, 3.24
2, 0.0387, 0.0231, 9.4621, 4, 5, 3.25
2, 0.0386, 0.0274, 9.4895, 4, 5, 3.26
2, 0.0386, 0.0208, 9.5103, 4, 5, 3.27
2, 0.0386, 0.0224, 9.5327, 4, 5, 3.28
2, 0.0386, 0.0223, 9.555, 4, 5, 3.29
2, 0.0385, 0.0357, 9.5908, 4, 5, 3.3
2, 0.0385, 0.0265, 9.6173, 4, 5, 3.31
2, 0.0385, 0.0263, 9.6436, 4, 5, 3.32
2, 0.0385, 0.0199, 9.6634, 4, 5, 3.33
2, 0.0384, 0.0193, 9.6828, 4, 5, 3.34
2, 0.0384, 0.0206, 9.7034, 4, 5, 3.35
2, 0.0384, 0.0216, 9.725, 4, 5, 3.36
2, 0.0384, 0.0231, 9.7481, 4, 5, 3.37
2, 0.0383, 0.0213, 9.7694, 4, 5, 3.38
2, 0.0383, 0.0198, 9.7892, 4, 5, 3.39
2, 0.0383, 0.0185, 9.8077, 4, 5, 3.4
2, 0.0383, 0.0197, 9.8273, 4, 5, 3.41
2, 0.0383, 0.038, 9.8654, 4, 5, 3.42
2, 0.0382, 0.0433, 9.9086, 4, 5, 3.43
2, 0.0382, 0.0477, 9.9563, 4, 5, 3.44
2, 0.0382, 0.0592, 10.0155, 4, 5, 3.45
2, 0.0382, 0.0388, 10.0543, 4, 5, 3.46
2, 0.0381, 0.0289, 10.0831, 4, 5, 3.47
2, 0.0381, 0.037, 10.1201, 4, 5, 3.48
2, 0.0381, 0.0229, 10.143, 4, 5, 3.49
2, 0.0381, 0.0213, 10.1643, 4, 5, 3.5
2, 0.038, 0.0241, 10.1884, 4, 5, 3.51
2, 0.038, 0.0197, 10.2082, 4, 5, 3.52
2, 0.038, 0.068, 10.2762, 4, 5, 3.53
2, 0.038, 0.2157, 10.4919, 4, 5, 3.54
2, 0.0379, 0.0326, 10.5244, 4, 5, 3.55
2, 0.0379, 0.0367, 10.5611, 4, 5, 3.56
2, 0.0379, 0.035, 10.5962, 4, 5, 3.57
2, 0.0379, 0.0447, 10.6409, 4, 5, 3.58
2, 0.0378, 0.0331, 10.674, 4, 5, 3.59
2, 0.0378, 0.0332, 10.7072, 4, 5, 3.6
2, 0.0378, 0.0289, 10.736, 4, 5, 3.61
2, 0.0378, 0.0259, 10.7619, 4, 5, 3.62
2, 0.0378, 0.0331, 10.795, 4, 5, 3.63
2, 0.0377, 0.0658, 10.8608, 4, 5, 3.64
2, 0.0377, 0.0196, 10.8804, 4, 5, 3.65
2, 0.0377, 0.0354, 10.9159, 4, 5, 3.66
2, 0.0377, 0.0442, 10.96, 4, 5, 3.67
2, 0.0376, 0.0514, 11.0114, 4, 5, 3.68
2, 0.0376, 0.1167, 11.1281, 4, 5, 3.69
2, 0.0376, 0.0512, 11.1793, 4, 5, 3.7
2, 0.0376, 0.0323, 11.2116, 4, 5, 3.71
2, 0.0375, 0.0307, 11.2423, 4, 5, 3.72
2, 0.0375, 0.0275, 11.2698, 4, 5, 3.73
2, 0.0375, 0.0212, 11.2911, 4, 5, 3.74
2, 0.0375, 0.02, 11.311, 4, 5, 3.75
2, 0.0374, 0.0188, 11.3299, 4, 5, 3.76
2, 0.0374, 0.0205, 11.3503, 4, 5, 3.77
2, 0.0374, 0.0189, 11.3692, 4, 5, 3.78
2, 0.0374, 0.0185, 11.3877, 4, 5, 3.79
2, 0.0373, 0.0209, 11.4087, 4, 5, 3.8
2, 0.0373, 0.0346, 11.4433, 4, 5, 3.81
2, 0.0373, 0.019, 11.4623, 4, 5, 3.82
2, 0.0373, 0.0211, 11.4834, 4, 5, 3.83
2, 0.0372, 0.0381, 11.5215, 4, 5, 3.84
2, 0.0372, 0.0178, 11.5393, 4, 5, 3.85
2, 0.0372, 0.0366, 11.5758, 4, 5, 3.86
2, 0.0372, 0.0208, 11.5966, 4, 5, 3.87
2, 0.0372, 0.0399, 11.6365, 4, 5, 3.88
2, 0.0371, 0.0502, 11.6867, 4, 5, 3.89
2, 0.0371, 0.0333, 11.72, 4, 5, 3.9
2, 0.0371, 0.0234, 11.7434, 4, 5, 3.91
2, 0.0371, 0.0251, 11.7685, 4, 5, 3.92
2, 0.037, 0.0156, 11.7841, 4, 5, 3.93
2, 0.037, 0.0188, 11.8029, 4, 5, 3.94
2, 0.037, 0.0174, 11.8203, 4, 5, 3.95
2, 0.037, 0.0193, 11.8396, 4, 5, 3.96
2, 0.0369, 0.0179, 11.8575, 4, 5, 3.97
2, 0.0369, 0.0541, 11.9116, 4, 5, 3.98
2, 0.0369, 0.0453, 11.9569, 4, 5, 3.99
2, 0.0369, 0.0531, 12.01, 4, 5, 4
2, 0.0368, 0.0604, 12.0704, 4, 5, 4.01
2, 0.0368, 0.0612, 12.1316, 4, 5, 4.02
2, 0.0368, 0.0288, 12.1604, 4, 5, 4.03
2, 0.0368, 0.0238, 12.1842, 4, 5, 4.04
2, 0.0367, 0.0325, 12.2167, 4, 5, 4.05
2, 0.0367, 0.0396, 12.2562, 4, 5, 4.06
2, 0.0367, 0.0244, 12.2806, 4, 5, 4.07
2, 0.0367, 0.0259, 12.3065, 4, 5, 4.08
2, 0.0367, 0.0284, 12.3349, 4, 5, 4.09
2, 0.0366, 0.0218, 12.3567, 4, 5, 4.1
2, 0.0366, 0.0255, 12.3823, 4, 5, 4.11
2, 0.0366, 0.0269, 12.4092, 4, 5, 4.12
2, 0.0366, 0.0813, 12.4905, 4, 5, 4.13
2, 0.0365, 0.0266, 12.5171, 4, 5, 4.14
2, 0.0365, 0.0238, 12.5409, 4, 5, 4.15
2, 0.0365, 0.0312, 12.5721, 4, 5, 4.16
2, 0.0365, 0.0268, 12.5989, 4, 5, 4.17
2, 0.0364, 0.0464, 12.6453, 4, 5, 4.18
2, 0.0364, 0.0304, 12.6757, 4, 5, 4.19
2, 0.0364, 0.0224, 12.6981, 4, 5, 4.2
2, 0.0364, 0.0412, 12.7393, 4, 5, 4.21
2, 0.0363, 0.0352, 12.7745, 4, 5, 4.22
2, 0.0363, 0.0338, 12.8083, 4, 5, 4.23
2, 0.0363, 0.0287, 12.837, 4, 5, 4.24
2, 0.0363, 0.0464, 12.8834, 4, 5, 4.25
2, 0.0362, 0.0483, 12.9316, 4, 5, 4.26
2, 0.0362, 0.0254, 12.957, 4, 5, 4.27
2, 0.0362, 0.0275, 12.9845, 4, 5, 4.28
2, 0.0362, 0.0226, 13.0071, 4, 5, 4.29
2, 0.0362, 0.0202, 13.0273, 4, 5, 4.3
2, 0.0361, 0.0216, 13.0489, 4, 5, 4.31
2, 0.0361, 0.0556, 13.1045, 4, 5, 4.32
2, 0.0361, 0.0416, 13.1462, 4, 5, 4.33
2, 0.0361, 0.0368, 13.183, 4, 5, 4.34
2, 0.036, 0.0303, 13.2133, 4, 5, 4.35
2, 0.036, 0.0268, 13.2401, 4, 5, 4.36
2, 0.036, 0.029, 13.2691, 4, 5, 4.37
2, 0.036, 0.0226, 13.2917, 4, 5, 4.38
2, 0.0359, 0.0252, 13.3169, 4, 5, 4.39
2, 0.0359, 0.0195, 13.3364, 4, 5, 4.4
2, 0.0359, 0.0186, 13.3549, 4, 5, 4.41
2, 0.0359, 0.0246, 13.3795, 4, 5, 4.42
2, 0.0358, 0.0189, 13.3984, 4, 5, 4.43
2, 0.0358, 0.0495, 13.4478, 4, 5, 4.44
2, 0.0358, 0.0252, 13.4731, 4, 5, 4.45
2, 0.0358, 0.0189, 13.492, 4, 5, 4.46
2, 0.0357, 0.0267, 13.5187, 4, 5, 4.47
2, 0.0357, 0.0542, 13.5729, 4, 5, 4.48
2, 0.0357, 0.0244, 13.5973, 4, 5, 4.49
2, 0.0357, 0.0196, 13.6169, 4, 5, 4.5
2, 0.0356, 0.0462, 13.6631, 4, 5, 4.51
2, 0.0356, 0.0312, 13.6942, 4, 5, 4.52
2, 0.0356, 0.0322, 13.7265, 4, 5, 4.53
2, 0.0356, 0.0434, 13.7698, 4, 5, 4.54
2, 0.0356, 0.0287, 13.7986, 4, 5, 4.55
2, 0.0355, 0.024, 13.8225, 4, 5, 4.56
2, 0.0355, 0.0411, 13.8636, 4, 5, 4.57
2, 0.0355, 0.0218, 13.8853, 4, 5, 4.58
2, 0.0355, 0.0189, 13.9042, 4, 5, 4.59
2, 0.0354, 0.0199, 13.9242, 4, 5, 4.6
2, 0.0354, 0.0503, 13.9745, 4, 5, 4.61
2, 0.0354, 0.0239, 13.9984, 4, 5, 4.62
2, 0.0354, 0.0648, 14.0632, 4, 5, 4.63
2, 0.0353, 0.0194, 14.0826, 4, 5, 4.64
2, 0.0353, 0.0374, 14.1201, 4, 5, 4.65
2, 0.0353, 0.0204, 14.1404, 4, 5, 4.66
2, 0.0353, 0.0584, 14.1988, 4, 5, 4.67
2, 0.0352, 0.0327, 14.2315, 4, 5, 4.68
2, 0.0352, 0.036, 14.2675, 4, 5, 4.69
2, 0.0352, 0.0321, 14.2997, 4, 5, 4.7
2, 0.0352, 0.0196, 14.3193, 4, 5, 4.71
2, 0.0351, 0.0428, 14.362, 4, 5, 4.72
2, 0.0351, 0.02, 14.382, 4, 5, 4.73
2, 0.0351, 0.0227, 14.4047, 4, 5, 4.74
2, 0.0351, 0.026, 14.4307, 4, 5, 4.75
2, 0.0351, 0.0178, 14.4485, 4, 5, 4.76
2, 0.035, 0.037, 14.4856, 4, 5, 4.77
2, 0.035, 0.024, 14.5096, 4, 5, 4.78
2, 0.035, 0.0217, 14.5313, 4, 5, 4.79
2, 0.035, 0.0269, 14.5582, 4, 5, 4.8
2, 0.0349, 0.0248, 14.583, 4, 5, 4.81
2, 0.0349, 0.0263, 14.6094, 4, 5, 4.82
2, 0.0349, 0.0355, 14.6449, 4, 5, 4.83
2, 0.0349, 0.0212, 14.6661, 4, 5, 4.84
2, 0.0348, 0.0332, 14.6993, 4, 5, 4.85
2, 0.0348, 0.0345, 14.7338, 4, 5, 4.86
2, 0.0348, 0.0241, 14.758, 4, 5, 4.87
2, 0.0348, 0.0248, 14.7827, 4, 5, 4.88
2, 0.0347, 0.0185, 14.8012, 4, 5, 4.89
2, 0.0347, 0.0186, 14.8197, 4, 5, 4.9
2, 0.0347, 0.0245, 14.8442, 4, 5, 4.91
2, 0.0347, 0.0176, 14.8618, 4, 5, 4.92
2, 0.0346, 0.0198, 14.8816, 4, 5, 4.93
2, 0.0346, 0.0556, 14.9372, 4, 5, 4.94
2, 0.0346, 0.0314, 14.9686, 4, 5, 4.95
2, 0.0346, 0.0177, 14.9863, 4, 5, 4.96
2, 0.0346, 0.02, 15.0063, 4, 5, 4.97
2, 0.0345, 0.0449, 15.0513, 4, 5, 4.98
2, 0.0345, 0.0248, 15.0761, 4, 5, 4.99
2, 0.0345, 0.0258, 15.1019, 4, 5, 5
2, 0.0345, 0.0163, 15.1182, 4, 5, 5.01
2, 0.0344, 0.0244, 15.1426, 4, 5, 5.02
2, 0.0344, 0.0252, 15.1678, 4, 5, 5.03
2, 0.0344, 0.023, 15.1909, 4, 5, 5.04
2, 0.0344, 0.0178, 15.2087, 4, 5, 5.05
2, 0.0343, 0.0279, 15.2365, 4, 5, 5.06
2, 0.0343, 0.0333, 15.2698, 4, 5, 5.07
2, 0.0343, 0.0177, 15.2875, 4, 5, 5.08
2, 0.0343, 0.02, 15.3075, 4, 5, 5.09
2, 0.0342, 0.0339, 15.3414, 4, 5, 5.1
2, 0.0342, 0.0241, 15.3655, 4, 5, 5.11
2, 0.0342, 0.019, 15.3845, 4, 5, 5.12
2, 0.0342, 0.0198, 15.4043, 4, 5, 5.13
2, 0.0341, 0.0229, 15.4272, 4, 5, 5.14
2, 0.0341, 0.0237, 15.4509, 4, 5, 5.15
2, 0.0341, 0.022, 15.4728, 4, 5, 5.16
2, 0.0341, 0.0207, 15.4935, 4, 5, 5.17
2, 0.0341, 0.0379, 15.5315, 4, 5, 5.18
2, 0.034, 0.036, 15.5675, 4, 5, 5.19
2, 0.034, 0.0376, 15.6051, 4, 5, 5.2
2, 0.034, 0.0243, 15.6295, 4, 5, 5.21
2, 0.034, 0.0414, 15.6709, 4, 5, 5.22
2, 0.0339, 0.0832, 15.7541, 4, 5, 5.23
2, 0.0339, 0.027, 15.7811, 4, 5, 5.24
2, 0.0339, 0.0316, 15.8126, 4, 5, 5.25
2, 0.0339, 0.0203, 15.8329, 4, 5, 5.26
2, 0.0338, 0.0257, 15.8586, 4, 5, 5.27
2, 0.0338, 0.0209, 15.8796, 4, 5, 5.28
2, 0.0338, 0.0276, 15.9072, 4, 5, 5.29
2, 0.0338, 0.0264, 15.9336, 4, 5, 5.3
2, 0.0337, 0.0253, 15.9589, 4, 5, 5.31
2, 0.0337, 0.0359, 15.9948, 4, 5, 5.32
2, 0.0337, 0.0505, 16.0453, 4, 5, 5.33
2, 0.0337, 0.0515, 16.0967, 4, 5, 5.34
2, 0.0337, 0.0525, 16.1493, 4, 5, 5.35
2, 0.0336, 0.0241, 16.1734, 4, 5, 5.36
2, 0.0336, 0.0279, 16.2013, 4, 5, 5.37
2, 0.0336, 0.053, 16.2544, 4, 5, 5.38
2, 0.0336, 0.0333, 16.2877, 4, 5, 5.39
2, 0.0335, 0.056, 16.3437, 4, 5, 5.4
2, 0.0335, 0.0209, 16.3646, 4, 5, 5.41
2, 0.0335, 0.023, 16.3876, 4, 5, 5.42
2, 0.0335, 0.019, 16.4065, 4, 5, 5.43
2, 0.0334, 0.0626, 16.4691, 4, 5, 5.44
2, 0.0334, 0.0259, 16.495, 4, 5, 5.45
2, 0.0334, 0.0348, 16.5298, 4, 5, 5.46
2, 0.0334, 0.0684, 16.5983, 4, 5, 5.47
2, 0.0333, 0.0243, 16.6225, 4, 5, 5.48
2, 0.0333, 0.0279, 16.6504, 4, 5, 5.49
2, 0.0333, 0.0266, 16.6769, 4, 5, 5.5
2, 0.0333, 0.1086, 16.7855, 4, 5, 5.51
2, 0.0332, 0.0513, 16.8368, 4, 5, 5.52
2, 0.0332, 0.0333, 16.87, 4, 5, 5.53
2, 0.0332, 0.0327, 16.9028, 4, 5, 5.54
2, 0.0332, 0.0306, 16.9334, 4, 5, 5.55
2, 0.0332, 0.0289, 16.9623, 4, 5, 5.56
2, 0.0331, 0.0285, 16.9908, 4, 5, 5.57
2, 0.0331, 0.0301, 17.021, 4, 5, 5.58
2, 0.0331, 0.0385, 17.0594, 4, 5, 5.59
2, 0.0331, 0.0292, 17.0886, 4, 5, 5.6
2, 0.033, 0.0257, 17.1144, 4, 5, 5.61
2, 0.033, 0.0465, 17.1609, 4, 5, 5.62
2, 0.033, 0.0399, 17.2008, 4, 5, 5.63
2, 0.033, 0.0315, 17.2323, 4, 5, 5.64
2, 0.0329, 0.0237, 17.256, 4, 5, 5.65
2, 0.0329, 0.0414, 17.2974, 4, 5, 5.66
2, 0.0329, 0.056, 17.3534, 4, 5, 5.67
2, 0.0329, 0.1568, 17.5102, 4, 5, 5.68
2, 0.0328, 0.0256, 17.5358, 4, 5, 5.69
2, 0.0328, 0.0234, 17.5593, 4, 5, 5.7
2, 0.0328, 0.0235, 17.5827, 4, 5, 5.71
2, 0.0328, 0.0245, 17.6072, 4, 5, 5.72
2, 0.0327, 0.0244, 17.6316, 4, 5, 5.73
2, 0.0327, 0.0618, 17.6934, 4, 5, 5.74
2, 0.0327, 0.0232, 17.7166, 4, 5, 5.75
2, 0.0327, 0.02, 17.7366, 4, 5, 5.76
2, 0.0327, 0.0479, 17.7845, 4, 5, 5.77
2, 0.0326, 0.024, 17.8085, 4, 5, 5.78
2, 0.0326, 0.0198, 17.8283, 4, 5, 5.79
2, 0.0326, 0.0386, 17.867, 4, 5, 5.8
2, 0.0326, 0.0207, 17.8877, 4, 5, 5.81
2, 0.0325, 0.02, 17.9076, 4, 5, 5.82
2, 0.0325, 0.037, 17.9446, 4, 5, 5.83
2, 0.0325, 0.1254, 18.07, 4, 5, 5.84
2, 0.0325, 0.0272, 18.0972, 4, 5, 5.85
2, 0.0324, 0.0563, 18.1535, 4, 5, 5.86
2, 0.0324, 0.0278, 18.1813, 4, 5, 5.87
2, 0.0324, 0.0403, 18.2217, 4, 5, 5.88
2, 0.0324, 0.0277, 18.2494, 4, 5, 5.89
2, 0.0323, 0.0231, 18.2724, 4, 5, 5.9
2, 0.0323, 0.0226, 18.295, 4, 5, 5.91
2, 0.0323, 0.023, 18.318, 4, 5, 5.92
2, 0.0323, 0.0213, 18.3394, 4, 5, 5.93
2, 0.0323, 0.0389, 18.3782, 4, 5, 5.94
2, 0.0322, 0.0619, 18.4401, 4, 5, 5.95
2, 0.0322, 0.0742, 18.5143, 4, 5, 5.96
2, 0.0322, 0.0278, 18.5421, 4, 5, 5.97
2, 0.0322, 0.0319, 18.574, 4, 5, 5.98
2, 0.0321, 0.0234, 18.5975, 4, 5, 5.99
2, 0.0321, 0.0382, 18.6357, 4, 5, 6
2, 0.0321, 0.025, 18.6607, 4, 5, 6.01
2, 0.0321, 0.025, 18.6857, 4, 5, 6.02
2, 0.032, 0.029, 18.7147, 4, 5, 6.03
2, 0.032, 0.0298, 18.7445, 4, 5, 6.04
2, 0.032, 0.0365, 18.781, 4, 5, 6.05
2, 0.032, 0.0799, 18.8609, 4, 5, 6.06
2, 0.0319, 0.0219, 18.8828, 4, 5, 6.07
2, 0.0319, 0.0291, 18.9119, 4, 5, 6.08
2, 0.0319, 0.0217, 18.9336, 4, 5, 6.09
2, 0.0319, 0.0231, 18.9568, 4, 5, 6.1
2, 0.0318, 0.03, 18.9868, 4, 5, 6.11
2, 0.0318, 0.0566, 19.0433, 4, 5, 6.12
2, 0.0318, 0.047, 19.0904, 4, 5, 6.13
2, 0.0318, 0.0282, 19.1186, 4, 5, 6.14
2, 0.0318, 0.0267, 19.1453, 4, 5, 6.15
2, 0.0317, 0.0319, 19.1772, 4, 5, 6.16
2, 0.0317, 0.0238, 19.201, 4, 5, 6.17
2, 0.0317, 0.0198, 19.2208, 4, 5, 6.18
2, 0.0317, 0.0244, 19.2452, 4, 5, 6.19
2, 0.0316, 0.0533, 19.2985, 4, 5, 6.2
2, 0.0316, 0.0278, 19.3262, 4, 5, 6.21
2, 0.0316, 0.0275, 19.3537, 4, 5, 6.22
2, 0.0316, 0.0225, 19.3762, 4, 5, 6.23
2, 0.0315, 0.0306, 19.4068, 4, 5, 6.24
2, 0.0315, 0.0236, 19.4304, 4, 5, 6.25
2, 0.0315, 0.041, 19.4715, 4, 5, 6.26
2, 0.0315, 0.0296, 19.5011, 4, 5, 6.27
2, 0.0314, 0.038, 19.5391, 4, 5, 6.28
2, 0.0314, 0.0451, 19.5841, 4, 5, 6.29
2, 0.0314, 0.0349, 19.6191, 4, 5, 6.3
2, 0.0314, 0.0503, 19.6694, 4, 5, 6.31
2, 0.0314, 0.0249, 19.6943, 4, 5, 6.32
2, 0.0313, 0.0267, 19.7211, 4, 5, 6.33
2, 0.0313, 0.0301, 19.7512, 4, 5, 6.34
2, 0.0313, 0.026, 19.7771, 4, 5, 6.35
2, 0.0313, 0.0229, 19.8, 4, 5, 6.36
2, 0.0312, 0.0462, 19.8462, 4, 5, 6.37
2, 0.0312, 0.0257, 19.8718, 4, 5, 6.38
2, 0.0312, 0.0289, 19.9007, 4, 5, 6.39
2, 0.0312, 0.0458, 19.9465, 4, 5, 6.4
2, 0.0311, 0.0399, 19.9864, 4, 5, 6.41
2, 0.0311, 0.08, 20.0664, 4, 5, 6.42
2, 0.0311, 0.0243, 20.0907, 4, 5, 6.43
2, 0.0311, 0.0275, 20.1182, 4, 5, 6.44
2, 0.031, 0.0252, 20.1434, 4, 5, 6.45
2, 0.031, 0.0713, 20.2147, 4, 5, 6.46
2, 0.031, 0.0855, 20.3002, 4, 5, 6.47
2, 0.031, 0.0284, 20.3286, 4, 5, 6.48
2, 0.031, 0.044, 20.3726, 4, 5, 6.49
2, 0.0309, 0.0275, 20.4001, 4, 5, 6.5
2, 0.0309, 0.035, 20.4351, 4, 5, 6.51
2, 0.0309, 0.0354, 20.4705, 4, 5, 6.52
2, 0.0309, 0.0344, 20.5048, 4, 5, 6.53
2, 0.0308, 0.0326, 20.5375, 4, 5, 6.54
2, 0.0308, 0.0287, 20.5661, 4, 5, 6.55
2, 0.0308, 0.0397, 20.6058, 4, 5, 6.56
2, 0.0308, 0.0295, 20.6353, 4, 5, 6.57
2, 0.0307, 0.0296, 20.665, 4, 5, 6.58
2, 0.0307, 0.021, 20.686, 4, 5, 6.59
2, 0.0307, 0.0333, 20.7193, 4, 5, 6.6
2, 0.0307, 0.0275, 20.7468, 4, 5, 6.61
2, 0.0306, 0.0249, 20.7717, 4, 5, 6.62
2, 0.0306, 0.0298, 20.8015, 4, 5, 6.63
2, 0.0306, 0.0314, 20.8329, 4, 5, 6.64
2, 0.0306, 0.0239, 20.8569, 4, 5, 6.65
2, 0.0306, 0.0247, 20.8816, 4, 5, 6.66
2, 0.0305, 0.0263, 20.9079, 4, 5, 6.67
2, 0.0305, 0.0447, 20.9526, 4, 5, 6.68
2, 0.0305, 0.0256, 20.9782, 4, 5, 6.69
2, 0.0305, 0.0225, 21.0007, 4, 5, 6.7
2, 0.0304, 0.0698, 21.0704, 4, 5, 6.71
2, 0.0304, 0.0617, 21.1321, 4, 5, 6.72
2, 0.0304, 0.0292, 21.1613, 4, 5, 6.73
2, 0.0304, 0.0222, 21.1835, 4, 5, 6.74
2, 0.0303, 0.028, 21.2115, 4, 5, 6.75
2, 0.0303, 0.0209, 21.2323, 4, 5, 6.76
2, 0.0303, 0.0271, 21.2595, 4, 5, 6.77
2, 0.0303, 0.0314, 21.2909, 4, 5, 6.78
2, 0.0302, 0.0307, 21.3216, 4, 5, 6.79
2, 0.0302, 0.0361, 21.3577, 4, 5, 6.8
2, 0.0302, 0.03, 21.3876, 4, 5, 6.81
2, 0.0302, 0.0223, 21.41, 4, 5, 6.82
2, 0.0301, 0.0299, 21.4398, 4, 5, 6.83
2, 0.0301, 0.0264, 21.4663, 4, 5, 6.84
2, 0.0301, 0.1651, 21.6314, 4, 5, 6.85
2, 0.0301, 0.0213, 21.6527, 4, 5, 6.86
2, 0.0301, 0.022, 21.6748, 4, 5, 6.87
2, 0.03, 0.0209, 21.6957, 4, 5, 6.88
2, 0.03, 0.0269, 21.7226, 4, 5, 6.89
2, 0.03, 0.0273, 21.7499, 4, 5, 6.9
2, 0.03, 0.0217, 21.7715, 4, 5, 6.91
2, 0.0299, 0.0216, 21.7932, 4, 5, 6.92
2, 0.0299, 0.0242, 21.8173, 4, 5, 6.93
2, 0.0299, 0.0232, 21.8405, 4, 5, 6.94
2, 0.0299, 0.0579, 21.8983, 4, 5, 6.95
2, 0.0298, 0.0581, 21.9564, 4, 5, 6.96
2, 0.0298, 0.0322, 21.9886, 4, 5, 6.97
2, 0.0298, 0.0219, 22.0104, 4, 5, 6.98
2, 0.0298, 0.0248, 22.0352, 4, 5, 6.99
2, 0.0297, 0.0234, 22.0586, 4, 5, 7
2, 0.0297, 0.0198, 22.0784, 4, 5, 7.01
2, 0.0297, 0.037, 22.1154, 4, 5, 7.02
2, 0.0297, 0.0631, 22.1785, 4, 5, 7.03
2, 0.0297, 0.046, 22.2245, 4, 5, 7.04
2, 0.0296, 0.028, 22.2525, 4, 5, 7.05
2, 0.0296, 0.0233, 22.2757, 4, 5, 7.06
2, 0.0296, 0.0271, 22.3028, 4, 5, 7.07
2, 0.0296, 0.0259, 22.3287, 4, 5, 7.08
2, 0.0295, 0.0241, 22.3528, 4, 5, 7.09
2, 0.0295, 0.0211, 22.3739, 4, 5, 7.1
2, 0.0295, 0.0247, 22.3986, 4, 5, 7.11
2, 0.0295, 0.0598, 22.4584, 4, 5, 7.12
2, 0.0294, 0.0258, 22.4842, 4, 5, 7.13
2, 0.0294, 0.0328, 22.517, 4, 5, 7.14
2, 0.0294, 0.019, 22.536, 4, 5, 7.15
2, 0.0294, 0.0222, 22.5582, 4, 5, 7.16
2, 0.0293, 0.0243, 22.5825, 4, 5, 7.17
2, 0.0293, 0.025, 22.6075, 4, 5, 7.18
2, 0.0293, 0.0229, 22.6304, 4, 5, 7.19
2, 0.0293, 0.0197, 22.6501, 4, 5, 7.2
2, 0.0293, 0.038, 22.6882, 4, 5, 7.21
2, 0.0292, 0.0382, 22.7264, 4, 5, 7.22
2, 0.0292, 0.0283, 22.7547, 4, 5, 7.23
2, 0.0292, 0.0325, 22.7871, 4, 5, 7.24
2, 0.0292, 0.0514, 22.8385, 4, 5, 7.25
2, 0.0291, 0.0538, 22.8923, 4, 5, 7.26
2, 0.0291, 0.0766, 22.9689, 4, 5, 7.27
2, 0.0291, 0.0206, 22.9894, 4, 5, 7.28
2, 0.0291, 0.0326, 23.022, 4, 5, 7.29
2, 0.029, 0.0268, 23.0488, 4, 5, 7.3
2, 0.029, 0.0221, 23.0709, 4, 5, 7.31
2, 0.029, 0.038, 23.1089, 4, 5, 7.32
2, 0.029, 0.0196, 23.1285, 4, 5, 7.33
2, 0.0289, 0.024, 23.1524, 4, 5, 7.34
2, 0.0289, 0.0261, 23.1785, 4, 5, 7.35
2, 0.0289, 0.0188, 23.1974, 4, 5, 7.36
2, 0.0289, 0.0374, 23.2348, 4, 5, 7.37
2, 0.0289, 0.0261, 23.2609, 4, 5, 7.38
2, 0.0288, 0.034, 23.2948, 4, 5, 7.39
2, 0.0288, 0.0182, 23.3131, 4, 5, 7.4
2, 0.0288, 0.0228, 23.3358, 4, 5, 7.41
2, 0.0288, 0.0176, 23.3534, 4, 5, 7.42
2, 0.0287, 0.0228, 23.3762, 4, 5, 7.43
2, 0.0287, 0.0233, 23.3995, 4, 5, 7.44
2, 0.0287, 0.0187, 23.4182, 4, 5, 7.45
2, 0.0287, 0.0986, 23.5168, 4, 5, 7.46
2, 0.0286, 0.0206, 23.5374, 4, 5, 7.47
2, 0.0286, 0.0203, 23.5577, 4, 5, 7.48
2, 0.0286, 0.0335, 23.5912, 4, 5, 7.49
2, 0.0286, 0.0372, 23.6283, 4, 5, 7.5
2, 0.0285, 0.0207, 23.649, 4, 5, 7.51
2, 0.0285, 0.0462, 23.6952, 4, 5, 7.52
2, 0.0285, 0.0188, 23.7141, 4, 5, 7.53
2, 0.0285, 0.0263, 23.7403, 4, 5, 7.54
2, 0.0285, 0.0245, 23.7649, 4, 5, 7.55
2, 0.0284, 0.0214, 23.7863, 4, 5, 7.56
2, 0.0284, 0.0306, 23.8169, 4, 5, 7.57
2, 0.0284, 0.0177, 23.8346, 4, 5, 7.58
2, 0.0284, 0.0235, 23.8582, 4, 5, 7.59
2, 0.0283, 0.0194, 23.8775, 4, 5, 7.6
2, 0.0283, 0.0196, 23.8971, 4, 5, 7.61
2, 0.0283, 0.0159, 23.913, 4, 5, 7.62
2, 0.0283, 0.0185, 23.9315, 4, 5, 7.63
2, 0.0282, 0.0151, 23.9466, 4, 5, 7.64
2, 0.0282, 0.0144, 23.961, 4, 5, 7.65
2, 0.0282, 0.0188, 23.9798, 4, 5, 7.66
2, 0.0282, 0.0389, 24.0187, 4, 5, 7.67
2, 0.0281, 0.016, 24.0347, 4, 5, 7.68
2, 0.0281, 0.0158, 24.0505, 4, 5, 7.69
2, 0.0281, 0.0364, 24.0869, 4, 5, 7.7
2, 0.0281, 0.0791, 24.1659, 4, 5, 7.71
2, 0.0281, 0.0255, 24.1914, 4, 5, 7.72
2, 0.028, 0.0237, 24.2151, 4, 5, 7.73
2, 0.028, 0.0243, 24.2394, 4, 5, 7.74
2, 0.028, 0.0166, 24.256, 4, 5, 7.75
2, 0.028, 0.0504, 24.3064, 4, 5, 7.76
2, 0.0279, 0.0268, 24.3332, 4, 5, 7.77
2, 0.0279, 0.0386, 24.3718, 4, 5, 7.78
2, 0.0279, 0.0194, 24.3912, 4, 5, 7.79
2, 0.0279, 0.0246, 24.4158, 4, 5, 7.8
2, 0.0278, 0.0184, 24.4342, 4, 5, 7.81
2, 0.0278, 0.0264, 24.4606, 4, 5, 7.82
2, 0.0278, 0.029, 24.4896, 4, 5, 7.83
2, 0.0278, 0.0255, 24.5151, 4, 5, 7.84
2, 0.0277, 0.0779, 24.593, 4, 5, 7.85
2, 0.0277, 0.0397, 24.6326, 4, 5, 7.86
2, 0.0277, 0.0305, 24.6631, 4, 5, 7.87
2, 0.0277, 0.0253, 24.6884, 4, 5, 7.88
2, 0.0277, 0.03, 24.7183, 4, 5, 7.89
2, 0.0276, 0.063, 24.7814, 4, 5, 7.9
2, 0.0276, 0.0649, 24.8463, 4, 5, 7.91
2, 0.0276, 0.0269, 24.8731, 4, 5, 7.92
2, 0.0276, 0.0241, 24.8972, 4, 5, 7.93
2, 0.0275, 0.0207, 24.9179, 4, 5, 7.94
2, 0.0275, 0.0227, 24.9406, 4, 5, 7.95
2, 0.0275, 0.0252, 24.9658, 4, 5, 7.96
2, 0.0275, 0.0595, 25.0253, 4, 5, 7.97
2, 0.0274, 0.0195, 25.0448, 4, 5, 7.98
2, 0.0274, 0.0262, 25.0711, 4, 5, 7.99
2, 0.0274, 0.025, 25.0961, 4, 5, 8
2, 0.0274, 0.0423, 25.1384, 4, 5, 8.01
2, 0.0274, 0.0499, 25.1882, 4, 5, 8.02
2, 0.0273, 0.0258, 25.214, 4, 5, 8.03
2, 0.0273, 0.0259, 25.2399, 4, 5, 8.04
2, 0.0273, 0.0267, 25.2665, 4, 5, 8.05
2, 0.0273, 0.0234, 25.29, 4, 5, 8.06
2, 0.0272, 0.0244, 25.3143, 4, 5, 8.07
2, 0.0272, 0.0295, 25.3438, 4, 5, 8.08
2, 0.0272, 0.0392, 25.383, 4, 5, 8.09
2, 0.0272, 0.0251, 25.4081, 4, 5, 8.1
2, 0.0271, 0.0264, 25.4345, 4, 5, 8.11
2, 0.0271, 0.064, 25.4985, 4, 5, 8.12
2, 0.0271, 0.0328, 25.5313, 4, 5, 8.13
2, 0.0271, 0.0224, 25.5537, 4, 5, 8.14
2, 0.027, 0.0201, 25.5737, 4, 5, 8.15
2, 0.027, 0.0214, 25.5952, 4, 5, 8.16
2, 0.027, 0.0212, 25.6163, 4, 5, 8.17
2, 0.027, 0.038, 25.6543, 4, 5, 8.18
2, 0.027, 0.1394, 25.7937, 4, 5, 8.19
2, 0.0269, 0.0471, 25.8408, 4, 5, 8.2
2, 0.0269, 0.0395, 25.8803, 4, 5, 8.21
2, 0.0269, 0.0283, 25.9086, 4, 5, 8.22
2, 0.0269, 0.0671, 25.9757, 4, 5, 8.23
2, 0.0268, 0.0262, 26.0019, 4, 5, 8.24
2, 0.0268, 0.0265, 26.0284, 4, 5, 8.25
2, 0.0268, 0.0789, 26.1073, 4, 5, 8.26
2, 0.0268, 0.0258, 26.1331, 4, 5, 8.27
2, 0.0267, 0.0245, 26.1577, 4, 5, 8.28
2, 0.0267, 0.0239, 26.1815, 4, 5, 8.29
2, 0.0267, 0.0374, 26.2189, 4, 5, 8.3
2, 0.0267, 0.1039, 26.3229, 4, 5, 8.31
2, 0.0266, 0.0293, 26.3521, 4, 5, 8.32
2, 0.0266, 0.0289, 26.3811, 4, 5, 8.33
2, 0.0266, 0.0314, 26.4125, 4, 5, 8.34
2, 0.0266, 0.0318, 26.4443, 4, 5, 8.35
2, 0.0266, 0.0454, 26.4897, 4, 5, 8.36
2, 0.0265, 0.0288, 26.5184, 4, 5, 8.37
2, 0.0265, 0.0227, 26.5412, 4, 5, 8.38
2, 0.0265, 0.0631, 26.6043, 4, 5, 8.39
2, 0.0265, 0.0363, 26.6406, 4, 5, 8.4
2, 0.0264, 0.1529, 26.7935, 4, 5, 8.41
2, 0.0264, 0.0257, 26.8192, 4, 5, 8.42
2, 0.0264, 0.0399, 26.8591, 4, 5, 8.43
2, 0.0264, 0.0313, 26.8905, 4, 5, 8.44
2, 0.0263, 0.0304, 26.9209, 4, 5, 8.45
2, 0.0263, 0.0237, 26.9445, 4, 5, 8.46
2, 0.0263, 0.0199, 26.9644, 4, 5, 8.47
2, 0.0263, 0.0226, 26.987, 4, 5, 8.48
2, 0.0262, 0.0283, 27.0153, 4, 5, 8.49
2, 0.0262, 0.0445, 27.0598, 4, 5, 8.5
2, 0.0262, 0.0332, 27.093, 4, 5, 8.51
2, 0.0262, 0.0282, 27.1212, 4, 5, 8.52
2, 0.0262, 0.059, 27.1802, 4, 5, 8.53
2, 0.0261, 0.0279, 27.2081, 4, 5, 8.54
2, 0.0261, 0.0312, 27.2393, 4, 5, 8.55
2, 0.0261, 0.0542, 27.2934, 4, 5, 8.56
2, 0.0261, 0.0664, 27.3598, 4, 5, 8.57
2, 0.026, 0.0329, 27.3927, 4, 5, 8.58
2, 0.026, 0.027, 27.4196, 4, 5, 8.59
2, 0.026, 0.0282, 27.4478, 4, 5, 8.6
2, 0.026, 0.0347, 27.4825, 4, 5, 8.61
2, 0.0259, 0.0549, 27.5374, 4, 5, 8.62
2, 0.0259, 0.0548, 27.5922, 4, 5, 8.63
2, 0.0259, 0.0318, 27.6239, 4, 5, 8.64
2, 0.0259, 0.0244, 27.6483, 4, 5, 8.65
2, 0.0259, 0.027, 27.6753, 4, 5, 8.66
2, 0.0258, 0.0347, 27.71, 4, 5, 8.67
2, 0.0258, 0.0277, 27.7377, 4, 5, 8.68
2, 0.0258, 0.0332, 27.7708, 4, 5, 8.69
2, 0.0258, 0.029, 27.7999, 4, 5, 8.7
2, 0.0257, 0.0224, 27.8223, 4, 5, 8.71
2, 0.0257, 0.0464, 27.8687, 4, 5, 8.72
2, 0.0257, 0.0333, 27.9019, 4, 5, 8.73
2, 0.0257, 0.0471, 27.9491, 4, 5, 8.74
2, 0.0256, 0.0242, 27.9733, 4, 5, 8.75
2, 0.0256, 0.0265, 27.9999, 4, 5, 8.76
2, 0.0256, 0.0509, 28.0507, 4, 5, 8.77
2, 0.0256, 0.0352, 28.086, 4, 5, 8.78
2, 0.0255, 0.0384, 28.1244, 4, 5, 8.79
2, 0.0255, 0.0261, 28.1505, 4, 5, 8.8
2, 0.0255, 0.0268, 28.1773, 4, 5, 8.81
2, 0.0255, 0.0473, 28.2246, 4, 5, 8.82
2, 0.0255, 0.0344, 28.259, 4, 5, 8.83
2, 0.0254, 0.0263, 28.2853, 4, 5, 8.84
2, 0.0254, 0.0237, 28.3091, 4, 5, 8.85
2, 0.0254, 0.029, 28.338, 4, 5, 8.86
2, 0.0254, 0.0424, 28.3804, 4, 5, 8.87
2, 0.0253, 0.0499, 28.4303, 4, 5, 8.88
2, 0.0253, 0.063, 28.4933, 4, 5, 8.89
2, 0.0253, 0.0388, 28.5321, 4, 5, 8.9
2, 0.0253, 0.0517, 28.5838, 4, 5, 8.91
2, 0.0252, 0.0295, 28.6133, 4, 5, 8.92
2, 0.0252, 0.0301, 28.6434, 4, 5, 8.93
2, 0.0252, 0.0279, 28.6713, 4, 5, 8.94
2, 0.0252, 0.0219, 28.6932, 4, 5, 8.95
2, 0.0252, 0.0414, 28.7346, 4, 5, 8.96
2, 0.0251, 0.0618, 28.7964, 4, 5, 8.97
2, 0.0251, 0.0254, 28.8218, 4, 5, 8.98
2, 0.0251, 0.0337, 28.8555, 4, 5, 8.99
2, 0.0251, 0.0424, 28.8979, 4, 5, 9
2, 0.025, 0.0376, 28.9355, 4, 5, 9.01
2, 0.025, 0.025, 28.9605, 4, 5, 9.02
2, 0.025, 0.0342, 28.9947, 4, 5, 9.03
2, 0.025, 0.0295, 29.0242, 4, 5, 9.04
2, 0.0249, 0.0238, 29.048, 4, 5, 9.05
2, 0.0249, 0.0273, 29.0753, 4, 5, 9.06
2, 0.0249, 0.0456, 29.1209, 4, 5, 9.07
2, 0.0249, 0.0231, 29.144, 4, 5, 9.08
2, 0.0248, 0.0275, 29.1715, 4, 5, 9.09
2, 0.0248, 0.0396, 29.2111, 4, 5, 9.1
2, 0.0248, 0.0333, 29.2445, 4, 5, 9.11
2, 0.0248, 0.0199, 29.2644, 4, 5, 9.12
2, 0.0248, 0.0391, 29.3035, 4, 5, 9.13
2, 0.0247, 0.028, 29.3315, 4, 5, 9.14
2, 0.0247, 0.0374, 29.3689, 4, 5, 9.15
2, 0.0247, 0.0316, 29.4006, 4, 5, 9.16
2, 0.0247, 0.0546, 29.4552, 4, 5, 9.17
2, 0.0246, 0.0366, 29.4918, 4, 5, 9.18
2, 0.0246, 0.0488, 29.5406, 4, 5, 9.19
2, 0.0246, 0.0326, 29.5732, 4, 5, 9.2
2, 0.0246, 0.0232, 29.5965, 4, 5, 9.21
2, 0.0245, 0.0274, 29.6239, 4, 5, 9.22
2, 0.0245, 0.0242, 29.648, 4, 5, 9.23
2, 0.0245, 0.0373, 29.6854, 4, 5, 9.24
2, 0.0245, 0.0569, 29.7422, 4, 5, 9.25
2, 0.0245, 0.0452, 29.7874, 4, 5, 9.26
2, 0.0244, 0.0339, 29.8213, 4, 5, 9.27
2, 0.0244, 0.0285, 29.8499, 4, 5, 9.28
2, 0.0244, 0.0315, 29.8813, 4, 5, 9.29
2, 0.0244, 0.0289, 29.9103, 4, 5, 9.3
2, 0.0243, 0.0206, 29.9309, 4, 5, 9.31
2, 0.0243, 0.03, 29.9609, 4, 5, 9.32
2, 0.0243, 0.0384, 29.9992, 4, 5, 9.33
2, 0.0243, 0.0442, 30.0434, 4, 5, 9.34
2, 0.0242, 0.0391, 30.0825, 4, 5, 9.35
2, 0.0242, 0.0323, 30.1149, 4, 5, 9.36
2, 0.0242, 0.0208, 30.1356, 4, 5, 9.37
2, 0.0242, 0.0356, 30.1712, 4, 5, 9.38
2, 0.0241, 0.049, 30.2203, 4, 5, 9.39
2, 0.0241, 0.031, 30.2513, 4, 5, 9.4
2, 0.0241, 0.0469, 30.2982, 4, 5, 9.41
2, 0.0241, 0.0274, 30.3256, 4, 5, 9.42
2, 0.0241, 0.0289, 30.3545, 4, 5, 9.43
2, 0.024, 0.0231, 30.3776, 4, 5, 9.44
2, 0.024, 0.0276, 30.4053, 4, 5, 9.45
2, 0.024, 0.0509, 30.4562, 4, 5, 9.46
2, 0.024, 0.0391, 30.4953, 4, 5, 9.47
2, 0.0239, 0.0532, 30.5484, 4, 5, 9.48
2, 0.0239, 0.0515, 30.5999, 4, 5, 9.49
2, 0.0239, 0.0471, 30.647, 4, 5, 9.5
2, 0.0239, 0.0341, 30.6811, 4, 5, 9.51
2, 0.0238, 0.0435, 30.7246, 4, 5, 9.52
2, 0.0238, 0.0215, 30.7461, 4, 5, 9.53
2, 0.0238, 0.0298, 30.7759, 4, 5, 9.54
2, 0.0238, 0.0284, 30.8043, 4, 5, 9.55
2, 0.0238, 0.0303, 30.8347, 4, 5, 9.56
2, 0.0237, 0.0222, 30.8569, 4, 5, 9.57
2, 0.0237, 0.024, 30.8808, 4, 5, 9.58
2, 0.0237, 0.0325, 30.9133, 4, 5, 9.59
2, 0.0237, 0.0491, 30.9624, 4, 5, 9.6
2, 0.0236, 0.0418, 31.0042, 4, 5, 9.61
2, 0.0236, 0.0261, 31.0303, 4, 5, 9.62
2, 0.0236, 0.0316, 31.0619, 4, 5, 9.63
2, 0.0236, 0.0672, 31.1291, 4, 5, 9.64
2, 0.0235, 0.0267, 31.1558, 4, 5, 9.65
2, 0.0235, 0.0265, 31.1822, 4, 5, 9.66
2, 0.0235, 0.0238, 31.2061, 4, 5, 9.67
2, 0.0235, 0.0267, 31.2327, 4, 5, 9.68
2, 0.0234, 0.0471, 31.2798, 4, 5, 9.69
2, 0.0234, 0.0505, 31.3303, 4, 5, 9.7
2, 0.0234, 0.0354, 31.3657, 4, 5, 9.71
2, 0.0234, 0.0356, 31.4013, 4, 5, 9.72
2, 0.0234, 0.0203, 31.4216, 4, 5, 9.73
2, 0.0233, 0.0305, 31.4521, 4, 5, 9.74
2, 0.0233, 0.0381, 31.4903, 4, 5, 9.75
2, 0.0233, 0.0513, 31.5415, 4, 5, 9.76
2, 0.0233, 0.0291, 31.5706, 4, 5, 9.77
2, 0.0232, 0.0444, 31.615, 4, 5, 9.78
2, 0.0232, 0.0512, 31.6662, 4, 5, 9.79
2, 0.0232, 0.026, 31.6922, 4, 5, 9.8
2, 0.0232, 0.0412, 31.7335, 4, 5, 9.81
2, 0.0231, 0.0255, 31.7589, 4, 5, 9.82
2, 0.0231, 0.0438, 31.8027, 4, 5, 9.83
2, 0.0231, 0.0385, 31.8412, 4, 5, 9.84
2, 0.0231, 0.0388, 31.88, 4, 5, 9.85
2, 0.0231, 0.0219, 31.902, 4, 5, 9.86
2, 0.023, 0.0652, 31.9672, 4, 5, 9.87
2, 0.023, 0.025, 31.9922, 4, 5, 9.88
2, 0.023, 0.0541, 32.0462, 4, 5, 9.89
2, 0.023, 0.0258, 32.072, 4, 5, 9.9
2, 0.0229, 0.024, 32.096, 4, 5, 9.91
2, 0.0229, 0.0317, 32.1278, 4, 5, 9.92
2, 0.0229, 0.0309, 32.1586, 4, 5, 9.93
2, 0.0229, 0.0253, 32.1839, 4, 5, 9.94
2, 0.0228, 0.0268, 32.2107, 4, 5, 9.95
2, 0.0228, 0.0236, 32.2343, 4, 5, 9.96
2, 0.0228, 0.0443, 32.2786, 4, 5, 9.97
2, 0.0228, 0.0651, 32.3437, 4, 5, 9.98
2, 0.0228, 0.0298, 32.3735, 4, 5, 9.99
2, 0.0227, 0.0283, 32.4018, 4, 5, 10
2, 0.0227, 0.0196, 32.4213, 4, 5, 10.01
2, 0.0227, 0.0512, 32.4726, 4, 5, 10.02
2, 0.0227, 0.0195, 32.4921, 4, 5, 10.03
2, 0.0226, 0.0329, 32.525, 4, 5, 10.04
2, 0.0226, 0.0351, 32.5601, 4, 5, 10.05
2, 0.0226, 0.054, 32.6141, 4, 5, 10.06
2, 0.0226, 0.0257, 32.6398, 4, 5, 10.07
2, 0.0225, 0.0316, 32.6714, 4, 5, 10.08
2, 0.0225, 0.0215, 32.6929, 4, 5, 10.09
2, 0.0225, 0.0196, 32.7125, 4, 5, 10.1
2, 0.0225, 0.0365, 32.749, 4, 5, 10.11
2, 0.0224, 0.048, 32.797, 4, 5, 10.12
2, 0.0224, 0.0262, 32.8232, 4, 5, 10.13
2, 0.0224, 0.0325, 32.8556, 4, 5, 10.14
2, 0.0224, 0.0244, 32.8801, 4, 5, 10.15
2, 0.0224, 0.0232, 32.9033, 4, 5, 10.16
2, 0.0223, 0.0218, 32.9251, 4, 5, 10.17
2, 0.0223, 0.0227, 32.9478, 4, 5, 10.18
2, 0.0223, 0.0208, 32.9686, 4, 5, 10.19
2, 0.0223, 0.0272, 32.9958, 4, 5, 10.2
2, 0.0222, 0.0537, 33.0495, 4, 5, 10.21
2, 0.0222, 0.0444, 33.0939, 4, 5, 10.22
2, 0.0222, 0.0359, 33.1298, 4, 5, 10.23
2, 0.0222, 0.0275, 33.1573, 4, 5, 10.24
2, 0.0221, 0.0252, 33.1825, 4, 5, 10.25
2, 0.0221, 0.0338, 33.2163, 4, 5, 10.26
2, 0.0221, 0.0223, 33.2386, 4, 5, 10.27
2, 0.0221, 0.0195, 33.2581, 4, 5, 10.28
2, 0.0221, 0.0724, 33.3304, 4, 5, 10.29
2, 0.022, 0.0349, 33.3654, 4, 5, 10.3
2, 0.022, 0.0373, 33.4027, 4, 5, 10.31
2, 0.022, 0.021, 33.4237, 4, 5, 10.32
2, 0.022, 0.0326, 33.4563, 4, 5, 10.33
2, 0.0219, 0.0323, 33.4885, 4, 5, 10.34
2, 0.0219, 0.0247, 33.5132, 4, 5, 10.35
2, 0.0219, 0.0524, 33.5656, 4, 5, 10.36
2, 0.0219, 0.057, 33.6225, 4, 5, 10.37
2, 0.0218, 0.0251, 33.6477, 4, 5, 10.38
2, 0.0218, 0.0215, 33.6692, 4, 5, 10.39
2, 0.0218, 0.0195, 33.6887, 4, 5, 10.4
2, 0.0218, 0.0197, 33.7084, 4, 5, 10.41
2, 0.0218, 0.0312, 33.7397, 4, 5, 10.42
2, 0.0217, 0.0199, 33.7595, 4, 5, 10.43
2, 0.0217, 0.0212, 33.7807, 4, 5, 10.44
2, 0.0217, 0.0331, 33.8138, 4, 5, 10.45
2, 0.0217, 0.0387, 33.8525, 4, 5, 10.46
2, 0.0216, 0.0328, 33.8854, 4, 5, 10.47
2, 0.0216, 0.0244, 33.9097, 4, 5, 10.48
2, 0.0216, 0.0252, 33.935, 4, 5, 10.49
2, 0.0216, 0.0247, 33.9597, 4, 5, 10.5
2, 0.0215, 0.0531, 34.0128, 4, 5, 10.51
2, 0.0215, 0.0189, 34.0317, 4, 5, 10.52
2, 0.0215, 0.0406, 34.0723, 4, 5, 10.53
2, 0.0215, 0.0213, 34.0935, 4, 5, 10.54
2, 0.0215, 0.0631, 34.1567, 4, 5, 10.55
2, 0.0214, 0.0226, 34.1793, 4, 5, 10.56
2, 0.0214, 0.0347, 34.214, 4, 5, 10.57
2, 0.0214, 0.0296, 34.2436, 4, 5, 10.58
2, 0.0214, 0.0198, 34.2634, 4, 5, 10.59
2, 0.0213, 0.024, 34.2873, 4, 5, 10.6
2, 0.0213, 0.0405, 34.3279, 4, 5, 10.61
2, 0.0213, 0.0678, 34.3957, 4, 5, 10.62
2, 0.0213, 0.0251, 34.4208, 4, 5, 10.63
2, 0.0212, 0.0204, 34.4412, 4, 5, 10.64
2, 0.0212, 0.0328, 34.4741, 4, 5, 10.65
2, 0.0212, 0.0313, 34.5054, 4, 5, 10.66
2, 0.0212, 0.0219, 34.5273, 4, 5, 10.67
2, 0.0211, 0.0286, 34.5558, 4, 5, 10.68
2, 0.0211, 0.0204, 34.5763, 4, 5, 10.69
2, 0.0211, 0.0389, 34.6151, 4, 5, 10.7
2, 0.0211, 0.0384, 34.6535, 4, 5, 10.71
2, 0.0211, 0.0452, 34.6987, 4, 5, 10.72
2, 0.021, 0.0202, 34.7189, 4, 5, 10.73
2, 0.021, 0.0195, 34.7384, 4, 5, 10.74
2, 0.021, 0.0181, 34.7566, 4, 5, 10.75
2, 0.021, 0.0226, 34.7791, 4, 5, 10.76
2, 0.0209, 0.0245, 34.8037, 4, 5, 10.77
2, 0.0209, 0.0332, 34.8369, 4, 5, 10.78
2, 0.0209, 0.0267, 34.8636, 4, 5, 10.79
2, 0.0209, 0.0236, 34.8872, 4, 5, 10.8
2, 0.0208, 0.0195, 34.9067, 4, 5, 10.81
2, 0.0208, 0.0247, 34.9314, 4, 5, 10.82
2, 0.0208, 0.0211, 34.9524, 4, 5, 10.83
2, 0.0208, 0.0237, 34.9761, 4, 5, 10.84
2, 0.0208, 0.0254, 35.0015, 4, 5, 10.85
2, 0.0207, 0.029, 35.0306, 4, 5, 10.86
2, 0.0207, 0.0725, 35.1031, 4, 5, 10.87
2, 0.0207, 0.0467, 35.1497, 4, 5, 10.88
2, 0.0207, 0.0199, 35.1696, 4, 5, 10.89
2, 0.0206, 0.0288, 35.1984, 4, 5, 10.9
2, 0.0206, 0.0255, 35.2239, 4, 5, 10.91
2, 0.0206, 0.0202, 35.2441, 4, 5, 10.92
2, 0.0206, 0.0767, 35.3208, 4, 5, 10.93
2, 0.0205, 0.0178, 35.3387, 4, 5, 10.94
2, 0.0205, 0.0245, 35.3631, 4, 5, 10.95
2, 0.0205, 0.0251, 35.3883, 4, 5, 10.96
2, 0.0205, 0.0283, 35.4166, 4, 5, 10.97
2, 0.0205, 0.0222, 35.4388, 4, 5, 10.98
2, 0.0204, 0.0335, 35.4723, 4, 5, 10.99
2, 0.0204, 0.053, 35.5253, 4, 5, 11
2, 0.0204, 0.0213, 35.5466, 4, 5, 11.01
2, 0.0204, 0.0186, 35.5651, 4, 5, 11.02
2, 0.0203, 0.0337, 35.5988, 4, 5, 11.03
2, 0.0203, 0.0236, 35.6224, 4, 5, 11.04
2, 0.0203, 0.0208, 35.6433, 4, 5, 11.05
2, 0.0203, 0.0283, 35.6716, 4, 5, 11.06
2, 0.0202, 0.0299, 35.7015, 4, 5, 11.07
2, 0.0202, 0.0204, 35.7219, 4, 5, 11.08
2, 0.0202, 0.0264, 35.7482, 4, 5, 11.09
2, 0.0202, 0.0213, 35.7695, 4, 5, 11.1
2, 0.0202, 0.028, 35.7976, 4, 5, 11.11
2, 0.0201, 0.0703, 35.8679, 4, 5, 11.12
2, 0.0201, 0.0546, 35.9225, 4, 5, 11.13
2, 0.0201, 0.0317, 35.9541, 4, 5, 11.14
2, 0.0201, 0.0258, 35.98, 4, 5, 11.15
2, 0.02, 0.0226, 36.0026, 4, 5, 11.16
2, 0.02, 0.0443, 36.047, 4, 5, 11.17
2, 0.02, 0.0346, 36.0816, 4, 5, 11.18
2, 0.02, 0.0269, 36.1085, 4, 5, 11.19
2, 0.0199, 0.0412, 36.1497, 4, 5, 11.2
2, 0.0199, 0.0209, 36.1706, 4, 5, 11.21
2, 0.0199, 0.0215, 36.1921, 4, 5, 11.22
2, 0.0199, 0.0236, 36.2157, 4, 5, 11.23
2, 0.0199, 0.0286, 36.2443, 4, 5, 11.24
2, 0.0198, 0.0245, 36.2688, 4, 5, 11.25
2, 0.0198, 0.0265, 36.2953, 4, 5, 11.26
2, 0.0198, 0.0193, 36.3146, 4, 5, 11.27
2, 0.0198, 0.0292, 36.3438, 4, 5, 11.28
2, 0.0197, 0.036, 36.3798, 4, 5, 11.29
2, 0.0197, 0.0254, 36.4052, 4, 5, 11.3
2, 0.0197, 0.0445, 36.4497, 4, 5, 11.31
2, 0.0197, 0.0232, 36.4729, 4, 5, 11.32
2, 0.0196, 0.0402, 36.5132, 4, 5, 11.33
2, 0.0196, 0.0199, 36.5331, 4, 5, 11.34
2, 0.0196, 0.0199, 36.553, 4, 5, 11.35
2, 0.0196, 0.0285, 36.5814, 4, 5, 11.36
2, 0.0196, 0.0371, 36.6186, 4, 5, 11.37
2, 0.0195, 0.0369, 36.6555, 4, 5, 11.38
2, 0.0195, 0.0178, 36.6733, 4, 5, 11.39
2, 0.0195, 0.0285, 36.7017, 4, 5, 11.4
2, 0.0195, 0.0191, 36.7208, 4, 5, 11.41
2, 0.0194, 0.0323, 36.7531, 4, 5, 11.42
2, 0.0194, 0.029, 36.7821, 4, 5, 11.43
2, 0.0194, 0.0212, 36.8033, 4, 5, 11.44
2, 0.0194, 0.0379, 36.8413, 4, 5, 11.45
2, 0.0193, 0.0322, 36.8735, 4, 5, 11.46
2, 0.0193, 0.0293, 36.9028, 4, 5, 11.47
2, 0.0193, 0.0381, 36.941, 4, 5, 11.48
2, 0.0193, 0.0265, 36.9675, 4, 5, 11.49
2, 0.0193, 0.0226, 36.9901, 4, 5, 11.5
2, 0.0192, 0.0237, 37.0138, 4, 5, 11.51
2, 0.0192, 0.0186, 37.0324, 4, 5, 11.52
2, 0.0192, 0.0329, 37.0653, 4, 5, 11.53
2, 0.0192, 0.0598, 37.1251, 4, 5, 11.54
2, 0.0191, 0.0257, 37.1508, 4, 5, 11.55
2, 0.0191, 0.021, 37.1718, 4, 5, 11.56
2, 0.0191, 0.0192, 37.191, 4, 5, 11.57
2, 0.0191, 0.0195, 37.2105, 4, 5, 11.58
2, 0.019, 0.0244, 37.2349, 4, 5, 11.59
2, 0.019, 0.0205, 37.2554, 4, 5, 11.6
2, 0.019, 0.0274, 37.2828, 4, 5, 11.61
2, 0.019, 0.0304, 37.3132, 4, 5, 11.62
2, 0.019, 0.0527, 37.3658, 4, 5, 11.63
2, 0.0189, 0.0353, 37.4012, 4, 5, 11.64
2, 0.0189, 0.0303, 37.4315, 4, 5, 11.65
2, 0.0189, 0.0343, 37.4658, 4, 5, 11.66
2, 0.0189, 0.0408, 37.5066, 4, 5, 11.67
2, 0.0188, 0.0412, 37.5478, 4, 5, 11.68
2, 0.0188, 0.0236, 37.5715, 4, 5, 11.69
2, 0.0188, 0.0252, 37.5966, 4, 5, 11.7
2, 0.0188, 0.0703, 37.667, 4, 5, 11.71
2, 0.0187, 0.0215, 37.6884, 4, 5, 11.72
2, 0.0187, 0.024, 37.7124, 4, 5, 11.73
2, 0.0187, 0.0191, 37.7314, 4, 5, 11.74
2, 0.0187, 0.0499, 37.7814, 4, 5, 11.75
2, 0.0187, 0.0285, 37.8099, 4, 5, 11.76
2, 0.0186, 0.0279, 37.8378, 4, 5, 11.77
2, 0.0186, 0.0562, 37.894, 4, 5, 11.78
2, 0.0186, 0.0283, 37.9223, 4, 5, 11.79
2, 0.0186, 0.0343, 37.9566, 4, 5, 11.8
2, 0.0185, 0.0197, 37.9763, 4, 5, 11.81
2, 0.0185, 0.036, 38.0124, 4, 5, 11.82
2, 0.0185, 0.0384, 38.0508, 4, 5, 11.83
2, 0.0185, 0.0367, 38.0875, 4, 5, 11.84
2, 0.0184, 0.0268, 38.1143, 4, 5, 11.85
2, 0.0184, 0.0216, 38.1359, 4, 5, 11.86
2, 0.0184, 0.0428, 38.1787, 4, 5, 11.87
2, 0.0184, 0.0206, 38.1993, 4, 5, 11.88
2, 0.0184, 0.0433, 38.2427, 4, 5, 11.89
2, 0.0183, 0.0283, 38.271, 4, 5, 11.9
2, 0.0183, 0.0583, 38.3292, 4, 5, 11.91
2, 0.0183, 0.0265, 38.3557, 4, 5, 11.92
2, 0.0183, 0.0206, 38.3764, 4, 5, 11.93
2, 0.0182, 0.0237, 38.4, 4, 5, 11.94
2, 0.0182, 0.0288, 38.4288, 4, 5, 11.95
2, 0.0182, 0.0382, 38.467, 4, 5, 11.96
2, 0.0182, 0.0232, 38.4902, 4, 5, 11.97
2, 0.0181, 0.0359, 38.5261, 4, 5, 11.98
2, 0.0181, 0.0388, 38.5649, 4, 5, 11.99
2, 0.0181, 0.0643, 38.6293, 4, 5, 12
2, 0.0181, 0.0379, 38.6672, 4, 5, 12.01
2, 0.0181, 0.0277, 38.6949, 4, 5, 12.02
2, 0.018, 0.0214, 38.7163, 4, 5, 12.03
2, 0.018, 0.029, 38.7454, 4, 5, 12.04
2, 0.018, 0.0266, 38.772, 4, 5, 12.05
2, 0.018, 0.0193, 38.7913, 4, 5, 12.06
2, 0.0179, 0.0617, 38.853, 4, 5, 12.07
2, 0.0179, 0.0383, 38.8914, 4, 5, 12.08
2, 0.0179, 0.0682, 38.9596, 4, 5, 12.09
2, 0.0179, 0.0196, 38.9791, 4, 5, 12.1
2, 0.0178, 0.0242, 39.0034, 4, 5, 12.11
2, 0.0178, 0.0452, 39.0485, 4, 5, 12.12
2, 0.0178, 0.0328, 39.0813, 4, 5, 12.13
2, 0.0178, 0.0223, 39.1037, 4, 5, 12.14
2, 0.0178, 0.0235, 39.1272, 4, 5, 12.15
2, 0.0177, 0.034, 39.1612, 4, 5, 12.16
2, 0.0177, 0.0283, 39.1895, 4, 5, 12.17
2, 0.0177, 0.031, 39.2206, 4, 5, 12.18
2, 0.0177, 0.0212, 39.2417, 4, 5, 12.19
2, 0.0176, 0.0232, 39.265, 4, 5, 12.2
2, 0.0176, 0.0218, 39.2868, 4, 5, 12.21
2, 0.0176, 0.0225, 39.3092, 4, 5, 12.22
2, 0.0176, 0.0196, 39.3288, 4, 5, 12.23
2, 0.0175, 0.0554, 39.3842, 4, 5, 12.24
2, 0.0175, 0.0709, 39.4551, 4, 5, 12.25
2, 0.0175, 0.0621, 39.5172, 4, 5, 12.26
2, 0.0175, 0.0237, 39.5409, 4, 5, 12.27
2, 0.0175, 0.0173, 39.5582, 4, 5, 12.28
2, 0.0174, 0.0191, 39.5773, 4, 5, 12.29
2, 0.0174, 0.0201, 39.5974, 4, 5, 12.3
2, 0.0174, 0.0198, 39.6172, 4, 5, 12.31
2, 0.0174, 0.0196, 39.6369, 4, 5, 12.32
2, 0.0173, 0.0464, 39.6833, 4, 5, 12.33
2, 0.0173, 0.0168, 39.7001, 4, 5, 12.34
2, 0.0173, 0.0343, 39.7344, 4, 5, 12.35
2, 0.0173, 0.0187, 39.7531, 4, 5, 12.36
2, 0.0172, 0.0288, 39.7819, 4, 5, 12.37
2, 0.0172, 0.022, 39.8039, 4, 5, 12.38
2, 0.0172, 0.0602, 39.8642, 4, 5, 12.39
2, 0.0172, 0.0423, 39.9064, 4, 5, 12.4
2, 0.0172, 0.0188, 39.9252, 4, 5, 12.41
2, 0.0171, 0.0245, 39.9497, 4, 5, 12.42
2, 0.0171, 0.0184, 39.9681, 4, 5, 12.43
2, 0.0171, 0.0188, 39.9869, 4, 5, 12.44
2, 0.0171, 0.041, 40.0279, 4, 5, 12.45
2, 0.017, 0.026, 40.0539, 4, 5, 12.46
2, 0.017, 0.036, 40.0899, 4, 5, 12.47
2, 0.017, 0.0296, 40.1195, 4, 5, 12.48
2, 0.017, 0.0275, 40.147, 4, 5, 12.49
2, 0.0169, 0.0395, 40.1865, 4, 5, 12.5
2, 0.0169, 0.0197, 40.2062, 4, 5, 12.51
2, 0.0169, 0.0278, 40.234, 4, 5, 12.52
2, 0.0169, 0.0252, 40.2592, 4, 5, 12.53
2, 0.0169, 0.0181, 40.2773, 4, 5, 12.54
2, 0.0168, 0.0243, 40.3015, 4, 5, 12.55
2, 0.0168, 0.0227, 40.3242, 4, 5, 12.56
2, 0.0168, 0.0187, 40.3429, 4, 5, 12.57
2, 0.0168, 0.0424, 40.3853, 4, 5, 12.58
2, 0.0167, 0.0185, 40.4038, 4, 5, 12.59
2, 0.0167, 0.065, 40.4688, 4, 5, 12.6
2, 0.0167, 0.0293, 40.4981, 4, 5, 12.61
2, 0.0167, 0.0231, 40.5211, 4, 5, 12.62
2, 0.0167, 0.0491, 40.5703, 4, 5, 12.63
2, 0.0166, 0.0193, 40.5895, 4, 5, 12.64
2, 0.0166, 0.0475, 40.637, 4, 5, 12.65
2, 0.0166, 0.0292, 40.6662, 4, 5, 12.66
2, 0.0166, 0.0297, 40.6959, 4, 5, 12.67
2, 0.0165, 0.0196, 40.7155, 4, 5, 12.68
2, 0.0165, 0.0209, 40.7364, 4, 5, 12.69
2, 0.0165, 0.0192, 40.7556, 4, 5, 12.7
2, 0.0165, 0.0236, 40.7792, 4, 5, 12.71
2, 0.0164, 0.0229, 40.8021, 4, 5, 12.72
2, 0.0164, 0.0263, 40.8284, 4, 5, 12.73
2, 0.0164, 0.0286, 40.8571, 4, 5, 12.74
2, 0.0164, 0.0252, 40.8823, 4, 5, 12.75
2, 0.0164, 0.0256, 40.9079, 4, 5, 12.76
2, 0.0163, 0.0197, 40.9276, 4, 5, 12.77
2, 0.0163, 0.0184, 40.9459, 4, 5, 12.78
2, 0.0163, 0.0483, 40.9942, 4, 5, 12.79
2, 0.0163, 0.0338, 41.028, 4, 5, 12.8
2, 0.0162, 0.0228, 41.0509, 4, 5, 12.81
2, 0.0162, 0.0173, 41.0682, 4, 5, 12.82
2, 0.0162, 0.0212, 41.0893, 4, 5, 12.83
2, 0.0162, 0.02, 41.1093, 4, 5, 12.84
2, 0.0161, 0.02, 41.1293, 4, 5, 12.85
2, 0.0161, 0.0471, 41.1764, 4, 5, 12.86
2, 0.0161, 0.0296, 41.206, 4, 5, 12.87
2, 0.0161, 0.0253, 41.2313, 4, 5, 12.88
2, 0.0161, 0.0185, 41.2498, 4, 5, 12.89
2, 0.016, 0.0635, 41.3132, 4, 5, 12.9
2, 0.016, 0.0187, 41.3319, 4, 5, 12.91
2, 0.016, 0.0265, 41.3584, 4, 5, 12.92
2, 0.016, 0.0409, 41.3993, 4, 5, 12.93
2, 0.0159, 0.0199, 41.4192, 4, 5, 12.94
2, 0.0159, 0.0395, 41.4588, 4, 5, 12.95
2, 0.0159, 0.0376, 41.4964, 4, 5, 12.96
2, 0.0159, 0.0319, 41.5283, 4, 5, 12.97
2, 0.0158, 0.0407, 41.569, 4, 5, 12.98
2, 0.0158, 0.0207, 41.5897, 4, 5, 12.99
2, 0.0158, 0.0314, 41.6211, 4, 5, 13
2, 0.0158, 0.0265, 41.6476, 4, 5, 13.01
2, 0.0158, 0.0281, 41.6757, 4, 5, 13.02
2, 0.0157, 0.0201, 41.6958, 4, 5, 13.03
2, 0.0157, 0.0177, 41.7135, 4, 5, 13.04
2, 0.0157, 0.024, 41.7375, 4, 5, 13.05
2, 0.0157, 0.0191, 41.7566, 4, 5, 13.06
2, 0.0156, 0.0207, 41.7773, 4, 5, 13.07
2, 0.0156, 0.0231, 41.8005, 4, 5, 13.08
2, 0.0156, 0.0247, 41.8251, 4, 5, 13.09
2, 0.0156, 0.0778, 41.9029, 4, 5, 13.1
2, 0.0155, 0.0211, 41.9241, 4, 5, 13.11
2, 0.0155, 0.0346, 41.9587, 4, 5, 13.12
2, 0.0155, 0.0231, 41.9818, 4, 5, 13.13
2, 0.0155, 0.02, 42.0018, 4, 5, 13.14
2, 0.0155, 0.0277, 42.0295, 4, 5, 13.15
2, 0.0154, 0.0169, 42.0464, 4, 5, 13.16
2, 0.0154, 0.0246, 42.071, 4, 5, 13.17
2, 0.0154, 0.0164, 42.0874, 4, 5, 13.18
2, 0.0154, 0.0181, 42.1056, 4, 5, 13.19
2, 0.0153, 0.0175, 42.1231, 4, 5, 13.2
2, 0.0153, 0.0244, 42.1475, 4, 5, 13.21
2, 0.0153, 0.0344, 42.1819, 4, 5, 13.22
2, 0.0153, 0.0213, 42.2032, 4, 5, 13.23
2, 0.0153, 0.0424, 42.2457, 4, 5, 13.24
2, 0.0152, 0.022, 42.2676, 4, 5, 13.25
2, 0.0152, 0.0511, 42.3187, 4, 5, 13.26
2, 0.0152, 0.0346, 42.3533, 4, 5, 13.27
2, 0.0152, 0.0284, 42.3817, 4, 5, 13.28
2, 0.0151, 0.0493, 42.431, 4, 5, 13.29
2, 0.0151, 0.0176, 42.4486, 4, 5, 13.3
2, 0.0151, 0.0402, 42.4888, 4, 5, 13.31
2, 0.0151, 0.0342, 42.523, 4, 5, 13.32
2, 0.015, 0.0331, 42.5561, 4, 5, 13.33
2, 0.015, 0.0183, 42.5744, 4, 5, 13.34
2, 0.015, 0.0221, 42.5965, 4, 5, 13.35
2, 0.015, 0.0268, 42.6233, 4, 5, 13.36
2, 0.015, 0.0291, 42.6525, 4, 5, 13.37
2, 0.0149, 0.0292, 42.6817, 4, 5, 13.38
2, 0.0149, 0.0268, 42.7085, 4, 5, 13.39
2, 0.0149, 0.0287, 42.7371, 4, 5, 13.4
2, 0.0149, 0.0361, 42.7733, 4, 5, 13.41
2, 0.0148, 0.0191, 42.7924, 4, 5, 13.42
2, 0.0148, 0.0307, 42.823, 4, 5, 13.43
2, 0.0148, 0.0201, 42.8432, 4, 5, 13.44
2, 0.0148, 0.0181, 42.8612, 4, 5, 13.45
2, 0.0147, 0.0225, 42.8837, 4, 5, 13.46
2, 0.0147, 0.017, 42.9007, 4, 5, 13.47
2, 0.0147, 0.0288, 42.9295, 4, 5, 13.48
2, 0.0147, 0.0193, 42.9488, 4, 5, 13.49
2, 0.0147, 0.0199, 42.9687, 4, 5, 13.5
2, 0.0146, 0.0288, 42.9975, 4, 5, 13.51
2, 0.0146, 0.0279, 43.0253, 4, 5, 13.52
2, 0.0146, 0.0223, 43.0476, 4, 5, 13.53
2, 0.0146, 0.0201, 43.0677, 4, 5, 13.54
2, 0.0145, 0.0183, 43.086, 4, 5, 13.55
2, 0.0145, 0.0198, 43.1059, 4, 5, 13.56
2, 0.0145, 0.02, 43.1259, 4, 5, 13.57
2, 0.0145, 0.034, 43.1599, 4, 5, 13.58
2, 0.0145, 0.0259, 43.1858, 4, 5, 13.59
2, 0.0144, 0.0178, 43.2035, 4, 5, 13.6
2, 0.0144, 0.0177, 43.2213, 4, 5, 13.61
2, 0.0144, 0.0191, 43.2403, 4, 5, 13.62
2, 0.0144, 0.0201, 43.2604, 4, 5, 13.63
2, 0.0143, 0.0448, 43.3052, 4, 5, 13.64
2, 0.0143, 0.0258, 43.331, 4, 5, 13.65
2, 0.0143, 0.0319, 43.3629, 4, 5, 13.66
2, 0.0143, 0.0248, 43.3878, 4, 5, 13.67
2, 0.0142, 0.0306, 43.4184, 4, 5, 13.68
2, 0.0142, 0.0179, 43.4362, 4, 5, 13.69
2, 0.0142, 0.0746, 43.5108, 4, 5, 13.7
2, 0.0142, 0.0182, 43.529, 4, 5, 13.71
2, 0.0142, 0.0198, 43.5488, 4, 5, 13.72
2, 0.0141, 0.0293, 43.5781, 4, 5, 13.73
2, 0.0141, 0.0381, 43.6162, 4, 5, 13.74
2, 0.0141, 0.0241, 43.6403, 4, 5, 13.75
2, 0.0141, 0.023, 43.6633, 4, 5, 13.76
2, 0.014, 0.0374, 43.7006, 4, 5, 13.77
2, 0.014, 0.0334, 43.734, 4, 5, 13.78
2, 0.014, 0.0291, 43.7631, 4, 5, 13.79
2, 0.014, 0.0315, 43.7946, 4, 5, 13.8
2, 0.0139, 0.0189, 43.8135, 4, 5, 13.81
2, 0.0139, 0.0566, 43.8701, 4, 5, 13.82
2, 0.0139, 0.0619, 43.932, 4, 5, 13.83
2, 0.0139, 0.0506, 43.9826, 4, 5, 13.84
2, 0.0139, 0.0265, 44.0091, 4, 5, 13.85
2, 0.0138, 0.0271, 44.0362, 4, 5, 13.86
2, 0.0138, 0.0189, 44.0551, 4, 5, 13.87
2, 0.0138, 0.0198, 44.0749, 4, 5, 13.88
2, 0.0138, 0.037, 44.1118, 4, 5, 13.89
2, 0.0137, 0.0232, 44.135, 4, 5, 13.9
2, 0.0137, 0.0196, 44.1546, 4, 5, 13.91
2, 0.0137, 0.0517, 44.2063, 4, 5, 13.92
2, 0.0137, 0.0235, 44.2297, 4, 5, 13.93
2, 0.0137, 0.0286, 44.2583, 4, 5, 13.94
2, 0.0136, 0.0289, 44.2873, 4, 5, 13.95
2, 0.0136, 0.028, 44.3153, 4, 5, 13.96
2, 0.0136, 0.0304, 44.3457, 4, 5, 13.97
2, 0.0136, 0.0334, 44.3791, 4, 5, 13.98
2, 0.0135, 0.0173, 44.3964, 4, 5, 13.99
2, 0.0135, 0.0285, 44.4249, 4, 5, 14
2, 0.0135, 0.0271, 44.452, 4, 5, 14.01
2, 0.0135, 0.0332, 44.4852, 4, 5, 14.02
2, 0.0134, 0.0377, 44.5228, 4, 5, 14.03
2, 0.0134, 0.0246, 44.5475, 4, 5, 14.04
2, 0.0134, 0.0208, 44.5682, 4, 5, 14.05
2, 0.0134, 0.0195, 44.5878, 4, 5, 14.06
2, 0.0134, 0.0223, 44.61, 4, 5, 14.07
2, 0.0133, 0.0241, 44.6341, 4, 5, 14.08
2, 0.0133, 0.0435, 44.6776, 4, 5, 14.09
2, 0.0133, 0.0253, 44.703, 4, 5, 14.1
2, 0.0133, 0.019, 44.722, 4, 5, 14.11
2, 0.0132, 0.0354, 44.7574, 4, 5, 14.12
2, 0.0132, 0.0217, 44.7791, 4, 5, 14.13
2, 0.0132, 0.0381, 44.8172, 4, 5, 14.14
2, 0.0132, 0.0408, 44.858, 4, 5, 14.15
2, 0.0131, 0.028, 44.8859, 4, 5, 14.16
2, 0.0131, 0.0253, 44.9113, 4, 5, 14.17
2, 0.0131, 0.019, 44.9303, 4, 5, 14.18
2, 0.0131, 0.0695, 44.9998, 4, 5, 14.19
2, 0.0131, 0.104, 45.1038, 4, 5, 14.2
2, 0.013, 0.0284, 45.1322, 4, 5, 14.21
2, 0.013, 0.0252, 45.1574, 4, 5, 14.22
2, 0.013, 0.0262, 45.1836, 4, 5, 14.23
2, 0.013, 0.0212, 45.2048, 4, 5, 14.24
2, 0.0129, 0.0259, 45.2307, 4, 5, 14.25
2, 0.0129, 0.0341, 45.2648, 4, 5, 14.26
2, 0.0129, 0.0173, 45.2821, 4, 5, 14.27
2, 0.0129, 0.0283, 45.3103, 4, 5, 14.28
2, 0.0129, 0.0185, 45.3289, 4, 5, 14.29
2, 0.0128, 0.0281, 45.3569, 4, 5, 14.3
2, 0.0128, 0.068, 45.4249, 4, 5, 14.31
2, 0.0128, 0.0274, 45.4523, 4, 5, 14.32
2, 0.0128, 0.0205, 45.4728, 4, 5, 14.33
2, 0.0127, 0.0246, 45.4975, 4, 5, 14.34
2, 0.0127, 0.017, 45.5145, 4, 5, 14.35
2, 0.0127, 0.0179, 45.5323, 4, 5, 14.36
2, 0.0127, 0.0235, 45.5559, 4, 5, 14.37
2, 0.0126, 0.0185, 45.5744, 4, 5, 14.38
2, 0.0126, 0.0192, 45.5936, 4, 5, 14.39
2, 0.0126, 0.0193, 45.6129, 4, 5, 14.4
2, 0.0126, 0.0191, 45.632, 4, 5, 14.41
2, 0.0126, 0.0343, 45.6663, 4, 5, 14.42
2, 0.0125, 0.0359, 45.7022, 4, 5, 14.43
2, 0.0125, 0.0297, 45.7319, 4, 5, 14.44
2, 0.0125, 0.0346, 45.7666, 4, 5, 14.45
2, 0.0125, 0.0194, 45.786, 4, 5, 14.46
2, 0.0124, 0.0235, 45.8095, 4, 5, 14.47
2, 0.0124, 0.027, 45.8365, 4, 5, 14.48
2, 0.0124, 0.0188, 45.8553, 4, 5, 14.49
2, 0.0124, 0.0181, 45.8734, 4, 5, 14.5
2, 0.0124, 0.0185, 45.8919, 4, 5, 14.51
2, 0.0123, 0.037, 45.9289, 4, 5, 14.52
2, 0.0123, 0.0247, 45.9536, 4, 5, 14.53
2, 0.0123, 0.0222, 45.9758, 4, 5, 14.54
2, 0.0123, 0.0185, 45.9943, 4, 5, 14.55
2, 0.0122, 0.0298, 46.0241, 4, 5, 14.56
2, 0.0122, 0.0375, 46.0616, 4, 5, 14.57
2, 0.0122, 0.0248, 46.0864, 4, 5, 14.58
2, 0.0122, 0.02, 46.1063, 4, 5, 14.59
2, 0.0121, 0.0221, 46.1284, 4, 5, 14.6
2, 0.0121, 0.0451, 46.1734, 4, 5, 14.61
2, 0.0121, 0.0588, 46.2323, 4, 5, 14.62
2, 0.0121, 0.0223, 46.2546, 4, 5, 14.63
2, 0.0121, 0.0182, 46.2728, 4, 5, 14.64
2, 0.012, 0.0182, 46.291, 4, 5, 14.65
2, 0.012, 0.02, 46.311, 4, 5, 14.66
2, 0.012, 0.0283, 46.3393, 4, 5, 14.67
2, 0.012, 0.0208, 46.3601, 4, 5, 14.68
2, 0.0119, 0.0394, 46.3995, 4, 5, 14.69
2, 0.0119, 0.0483, 46.4478, 4, 5, 14.7
2, 0.0119, 0.0624, 46.5102, 4, 5, 14.71
2, 0.0119, 0.0322, 46.5424, 4, 5, 14.72
2, 0.0118, 0.021, 46.5634, 4, 5, 14.73
2, 0.0118, 0.0259, 46.5892, 4, 5, 14.74
2, 0.0118, 0.0355, 46.6248, 4, 5, 14.75
2, 0.0118, 0.018, 46.6428, 4, 5, 14.76
2, 0.0118, 0.0303, 46.6731, 4, 5, 14.77
2, 0.0117, 0.029, 46.7021, 4, 5, 14.78
2, 0.0117, 0.0311, 46.7331, 4, 5, 14.79
2, 0.0117, 0.0344, 46.7675, 4, 5, 14.8
2, 0.0117, 0.0353, 46.8028, 4, 5, 14.81
2, 0.0116, 0.0227, 46.8255, 4, 5, 14.82
2, 0.0116, 0.0199, 46.8454, 4, 5, 14.83
2, 0.0116, 0.0191, 46.8645, 4, 5, 14.84
2, 0.0116, 0.0508, 46.9153, 4, 5, 14.85
2, 0.0116, 0.0457, 46.961, 4, 5, 14.86
2, 0.0115, 0.0215, 46.9825, 4, 5, 14.87
2, 0.0115, 0.0248, 47.0072, 4, 5, 14.88
2, 0.0115, 0.0202, 47.0274, 4, 5, 14.89
2, 0.0115, 0.0179, 47.0453, 4, 5, 14.9
2, 0.0114, 0.0207, 47.066, 4, 5, 14.91
2, 0.0114, 0.0332, 47.0993, 4, 5, 14.92
2, 0.0114, 0.0225, 47.1218, 4, 5, 14.93
2, 0.0114, 0.035, 47.1568, 4, 5, 14.94
2, 0.0113, 0.0256, 47.1824, 4, 5, 14.95
2, 0.0113, 0.0506, 47.233, 4, 5, 14.96
2, 0.0113, 0.054, 47.287, 4, 5, 14.97
2, 0.0113, 0.0231, 47.3101, 4, 5, 14.98
2, 0.0113, 0.0187, 47.3288, 4, 5, 14.99
2, 0.0112, 0.0265, 47.3553, 4, 5, 15
2, 0.0112, 0.0262, 47.3815, 4, 5, 15.01
2, 0.0112, 0.0208, 47.4023, 4, 5, 15.02
2, 0.0112, 0.0371, 47.4394, 4, 5, 15.03
2, 0.0111, 0.0218, 47.4612, 4, 5, 15.04
2, 0.0111, 0.0409, 47.5021, 4, 5, 15.05
2, 0.0111, 0.0246, 47.5267, 4, 5, 15.06
2, 0.0111, 0.0259, 47.5526, 4, 5, 15.07
2, 0.0111, 0.0212, 47.5738, 4, 5, 15.08
2, 0.011, 0.0175, 47.5913, 4, 5, 15.09
2, 0.011, 0.0195, 47.6109, 4, 5, 15.1
2, 0.011, 0.0191, 47.63, 4, 5, 15.11
2, 0.011, 0.0178, 47.6477, 4, 5, 15.12
2, 0.0109, 0.0188, 47.6665, 4, 5, 15.13
2, 0.0109, 0.0251, 47.6915, 4, 5, 15.14
2, 0.0109, 0.0188, 47.7104, 4, 5, 15.15
2, 0.0109, 0.0182, 47.7286, 4, 5, 15.16
2, 0.0108, 0.0182, 47.7467, 4, 5, 15.17
2, 0.0108, 0.0451, 47.7918, 4, 5, 15.18
2, 0.0108, 0.0167, 47.8085, 4, 5, 15.19
2, 0.0108, 0.0184, 47.8269, 4, 5, 15.2
2, 0.0108, 0.0361, 47.8629, 4, 5, 15.21
2, 0.0107, 0.0175, 47.8805, 4, 5, 15.22
2, 0.0107, 0.0256, 47.9061, 4, 5, 15.23
2, 0.0107, 0.0277, 47.9337, 4, 5, 15.24
2, 0.0107, 0.0268, 47.9605, 4, 5, 15.25
2, 0.0106, 0.0178, 47.9783, 4, 5, 15.26
2, 0.0106, 0.0179, 47.9962, 4, 5, 15.27
2, 0.0106, 0.0194, 48.0157, 4, 5, 15.28
2, 0.0106, 0.017, 48.0326, 4, 5, 15.29
2, 0.0106, 0.0186, 48.0512, 4, 5, 15.3
2, 0.0105, 0.0178, 48.069, 4, 5, 15.31
2, 0.0105, 0.019, 48.088, 4, 5, 15.32
2, 0.0105, 0.0356, 48.1237, 4, 5, 15.33
2, 0.0105, 0.0206, 48.1443, 4, 5, 15.34
2, 0.0104, 0.0189, 48.1632, 4, 5, 15.35
2, 0.0104, 0.0199, 48.1831, 4, 5, 15.36
2, 0.0104, 0.0494, 48.2325, 4, 5, 15.37
2, 0.0104, 0.0164, 48.2489, 4, 5, 15.38
2, 0.0104, 0.0363, 48.2852, 4, 5, 15.39
2, 0.0103, 0.0216, 48.3068, 4, 5, 15.4
2, 0.0103, 0.022, 48.3288, 4, 5, 15.41
2, 0.0103, 0.0524, 48.3812, 4, 5, 15.42
2, 0.0103, 0.0189, 48.4001, 4, 5, 15.43
2, 0.0102, 0.0743, 48.4744, 4, 5, 15.44
2, 0.0102, 0.0171, 48.4914, 4, 5, 15.45
2, 0.0102, 0.0172, 48.5086, 4, 5, 15.46
2, 0.0102, 0.0492, 48.5579, 4, 5, 15.47
2, 0.0101, 0.0367, 48.5946, 4, 5, 15.48
2, 0.0101, 0.0201, 48.6147, 4, 5, 15.49
2, 0.0101, 0.0382, 48.6529, 4, 5, 15.5
2, 0.0101, 0.0246, 48.6774, 4, 5, 15.51
2, 0.0101, 0.018, 48.6954, 4, 5, 15.52
2, 0.01, 0.0313, 48.7267, 4, 5, 15.53
2, 0.01, 0.0164, 48.7431, 4, 5, 15.54
2, 0.01, 0.0366, 48.7797, 4, 5, 15.55
2, 0.01, 0.0364, 48.8161, 4, 5, 15.56
2, 0.0099, 0.0195, 48.8356, 4, 5, 15.57
2, 0.0099, 0.0235, 48.8591, 4, 5, 15.58
2, 0.0099, 0.0487, 48.9078, 4, 5, 15.59
2, 0.0099, 0.0247, 48.9325, 4, 5, 15.6
2, 0.0099, 0.0194, 48.9519, 4, 5, 15.61
2, 0.0098, 0.0196, 48.9715, 4, 5, 15.62
2, 0.0098, 0.0182, 48.9897, 4, 5, 15.63
2, 0.0098, 0.0194, 49.0091, 4, 5, 15.64
2, 0.0098, 0.0183, 49.0274, 4, 5, 15.65
2, 0.0097, 0.0199, 49.0472, 4, 5, 15.66
2, 0.0097, 0.0265, 49.0738, 4, 5, 15.67
2, 0.0097, 0.0196, 49.0934, 4, 5, 15.68
2, 0.0097, 0.0218, 49.1152, 4, 5, 15.69
2, 0.0096, 0.0218, 49.1369, 4, 5, 15.7
2, 0.0096, 0.018, 49.155, 4, 5, 15.71
2, 0.0096, 0.0229, 49.1778, 4, 5, 15.72
2, 0.0096, 0.0232, 49.201, 4, 5, 15.73
2, 0.0096, 0.0228, 49.2238, 4, 5, 15.74
2, 0.0095, 0.0169, 49.2408, 4, 5, 15.75
2, 0.0095, 0.0463, 49.2871, 4, 5, 15.76
2, 0.0095, 0.0318, 49.3188, 4, 5, 15.77
2, 0.0095, 0.0185, 49.3374, 4, 5, 15.78
2, 0.0094, 0.0232, 49.3605, 4, 5, 15.79
2, 0.0094, 0.0395, 49.4, 4, 5, 15.8
2, 0.0094, 0.0554, 49.4554, 4, 5, 15.81
2, 0.0094, 0.0194, 49.4749, 4, 5, 15.82
2, 0.0094, 0.0179, 49.4927, 4, 5, 15.83
2, 0.0093, 0.0197, 49.5124, 4, 5, 15.84
2, 0.0093, 0.024, 49.5364, 4, 5, 15.85
2, 0.0093, 0.0199, 49.5563, 4, 5, 15.86
2, 0.0093, 0.0228, 49.5792, 4, 5, 15.87
2, 0.0092, 0.0184, 49.5976, 4, 5, 15.88
2, 0.0092, 0.0517, 49.6493, 4, 5, 15.89
2, 0.0092, 0.0214, 49.6707, 4, 5, 15.9
2, 0.0092, 0.052, 49.7227, 4, 5, 15.91
2, 0.0091, 0.0325, 49.7552, 4, 5, 15.92
2, 0.0091, 0.0388, 49.794, 4, 5, 15.93
2, 0.0091, 0.0251, 49.8191, 4, 5, 15.94
2, 0.0091, 0.0236, 49.8427, 4, 5, 15.95
2, 0.0091, 0.0393, 49.882, 4, 5, 15.96
2, 0.009, 0.0576, 49.9397, 4, 5, 15.97
2, 0.009, 0.0326, 49.9723, 4, 5, 15.98
2, 0.009, 0.0274, 49.9996, 4, 5, 15.99
2, 0.009, 0.0268, 50.0265, 4, 5, 16
2, 0.0089, 0.0396, 50.0661, 4, 5, 16.01
2, 0.0089, 0.0219, 50.088, 4, 5, 16.02
2, 0.0089, 0.0255, 50.1136, 4, 5, 16.03
2, 0.0089, 0.0437, 50.1573, 4, 5, 16.04
2, 0.0089, 0.0282, 50.1855, 4, 5, 16.05
2, 0.0088, 0.0286, 50.2141, 4, 5, 16.06
2, 0.0088, 0.0334, 50.2474, 4, 5, 16.07
2, 0.0088, 0.0273, 50.2747, 4, 5, 16.08
2, 0.0088, 0.0216, 50.2963, 4, 5, 16.09
2, 0.0087, 0.0294, 50.3257, 4, 5, 16.1
2, 0.0087, 0.0237, 50.3495, 4, 5, 16.11
2, 0.0087, 0.0526, 50.402, 4, 5, 16.12
2, 0.0087, 0.0869, 50.489, 4, 5, 16.13
2, 0.0087, 0.023, 50.512, 4, 5, 16.14
2, 0.0086, 0.027, 50.539, 4, 5, 16.15
2, 0.0086, 0.024, 50.5631, 4, 5, 16.16
2, 0.0086, 0.036, 50.599, 4, 5, 16.17
2, 0.0086, 0.0258, 50.6248, 4, 5, 16.18
2, 0.0085, 0.0406, 50.6654, 4, 5, 16.19
2, 0.0085, 0.0235, 50.6889, 4, 5, 16.2
2, 0.0085, 0.0416, 50.7305, 4, 5, 16.21
2, 0.0085, 0.0208, 50.7513, 4, 5, 16.22
2, 0.0084, 0.0545, 50.8058, 4, 5, 16.23
2, 0.0084, 0.0282, 50.834, 4, 5, 16.24
2, 0.0084, 0.032, 50.8659, 4, 5, 16.25
2, 0.0084, 0.0296, 50.8956, 4, 5, 16.26
2, 0.0084, 0.027, 50.9225, 4, 5, 16.27
2, 0.0083, 0.022, 50.9445, 4, 5, 16.28
2, 0.0083, 0.0235, 50.968, 4, 5, 16.29
2, 0.0083, 0.0533, 51.0213, 4, 5, 16.3
2, 0.0083, 0.0322, 51.0535, 4, 5, 16.31
2, 0.0082, 0.0313, 51.0848, 4, 5, 16.32
2, 0.0082, 0.0233, 51.1081, 4, 5, 16.33
2, 0.0082, 0.031, 51.1391, 4, 5, 16.34
2, 0.0082, 0.0525, 51.1916, 4, 5, 16.35
2, 0.0082, 0.0524, 51.244, 4, 5, 16.36
2, 0.0081, 0.0294, 51.2734, 4, 5, 16.37
2, 0.0081, 0.0548, 51.3281, 4, 5, 16.38
2, 0.0081, 0.0242, 51.3523, 4, 5, 16.39
2, 0.0081, 0.0279, 51.3802, 4, 5, 16.4
2, 0.008, 0.0206, 51.4008, 4, 5, 16.41
2, 0.008, 0.0264, 51.4272, 4, 5, 16.42
2, 0.008, 0.0207, 51.4479, 4, 5, 16.43
2, 0.008, 0.0299, 51.4778, 4, 5, 16.44
2, 0.008, 0.022, 51.4998, 4, 5, 16.45
2, 0.0079, 0.0738, 51.5736, 4, 5, 16.46
2, 0.0079, 0.0252, 51.5988, 4, 5, 16.47
2, 0.0079, 0.0383, 51.6371, 4, 5, 16.48
2, 0.0079, 0.0195, 51.6566, 4, 5, 16.49
2, 0.0078, 0.029, 51.6856, 4, 5, 16.5
2, 0.0078, 0.0218, 51.7074, 4, 5, 16.51
2, 0.0078, 0.0319, 51.7393, 4, 5, 16.52
2, 0.0078, 0.0296, 51.7689, 4, 5, 16.53
2, 0.0077, 0.0209, 51.7898, 4, 5, 16.54
2, 0.0077, 0.0437, 51.8336, 4, 5, 16.55
2, 0.0077, 0.0246, 51.8582, 4, 5, 16.56
2, 0.0077, 0.0244, 51.8826, 4, 5, 16.57
2, 0.0077, 0.0191, 51.9016, 4, 5, 16.58
2, 0.0076, 0.0496, 51.9512, 4, 5, 16.59
2, 0.0076, 0.0661, 52.0173, 4, 5, 16.6
2, 0.0076, 0.0243, 52.0417, 4, 5, 16.61
2, 0.0076, 0.0253, 52.0669, 4, 5, 16.62
2, 0.0075, 0.0242, 52.0911, 4, 5, 16.63
2, 0.0075, 0.024, 52.1152, 4, 5, 16.64
2, 0.0075, 0.0232, 52.1384, 4, 5, 16.65
2, 0.0075, 0.0273, 52.1657, 4, 5, 16.66
2, 0.0075, 0.0213, 52.1869, 4, 5, 16.67
2, 0.0074, 0.0519, 52.2389, 4, 5, 16.68
2, 0.0074, 0.0327, 52.2716, 4, 5, 16.69
2, 0.0074, 0.0278, 52.2994, 4, 5, 16.7
2, 0.0074, 0.0275, 52.3269, 4, 5, 16.71
2, 0.0073, 0.0223, 52.3492, 4, 5, 16.72
2, 0.0073, 0.0239, 52.3731, 4, 5, 16.73
2, 0.0073, 0.0206, 52.3937, 4, 5, 16.74
2, 0.0073, 0.0254, 52.419, 4, 5, 16.75
2, 0.0073, 0.0349, 52.454, 4, 5, 16.76
2, 0.0072, 0.0235, 52.4775, 4, 5, 16.77
2, 0.0072, 0.0328, 52.5102, 4, 5, 16.78
2, 0.0072, 0.0313, 52.5416, 4, 5, 16.79
2, 0.0072, 0.0273, 52.5689, 4, 5, 16.8
2, 0.0071, 0.0241, 52.593, 4, 5, 16.81
2, 0.0071, 0.0248, 52.6178, 4, 5, 16.82
2, 0.0071, 0.0623, 52.68, 4, 5, 16.83
2, 0.0071, 0.0221, 52.7021, 4, 5, 16.84
2, 0.007, 0.0488, 52.751, 4, 5, 16.85
2, 0.007, 0.054, 52.805, 4, 5, 16.86
2, 0.007, 0.0394, 52.8443, 4, 5, 16.87
2, 0.007, 0.0297, 52.8741, 4, 5, 16.88
2, 0.007, 0.027, 52.9011, 4, 5, 16.89
2, 0.0069, 0.0323, 52.9334, 4, 5, 16.9
2, 0.0069, 0.0232, 52.9566, 4, 5, 16.91
2, 0.0069, 0.036, 52.9926, 4, 5, 16.92
2, 0.0069, 0.0271, 53.0196, 4, 5, 16.93
2, 0.0068, 0.0718, 53.0915, 4, 5, 16.94
2, 0.0068, 0.0297, 53.1212, 4, 5, 16.95
2, 0.0068, 0.0214, 53.1425, 4, 5, 16.96
2, 0.0068, 0.0227, 53.1652, 4, 5, 16.97
2, 0.0068, 0.0199, 53.1852, 4, 5, 16.98
2, 0.0067, 0.027, 53.2122, 4, 5, 16.99
2, 0.0067, 0.0532, 53.2654, 4, 5, 17
2, 0.0067, 0.0419, 53.3073, 4, 5, 17.01
2, 0.0067, 0.0305, 53.3378, 4, 5, 17.02
2, 0.0066, 0.0288, 53.3666, 4, 5, 17.03
2, 0.0066, 0.0392, 53.4058, 4, 5, 17.04
2, 0.0066, 0.0329, 53.4387, 4, 5, 17.05
2, 0.0066, 0.0502, 53.4889, 4, 5, 17.06
2, 0.0066, 0.0313, 53.5202, 4, 5, 17.07
2, 0.0065, 0.0221, 53.5423, 4, 5, 17.08
2, 0.0065, 0.02, 53.5623, 4, 5, 17.09
2, 0.0065, 0.051, 53.6133, 4, 5, 17.1
2, 0.0065, 0.0278, 53.6411, 4, 5, 17.11
2, 0.0064, 0.053, 53.6941, 4, 5, 17.12
2, 0.0064, 0.0271, 53.7212, 4, 5, 17.13
2, 0.0064, 0.0301, 53.7513, 4, 5, 17.14
2, 0.0064, 0.032, 53.7832, 4, 5, 17.15
2, 0.0064, 0.0408, 53.8241, 4, 5, 17.16
2, 0.0063, 0.0374, 53.8614, 4, 5, 17.17
2, 0.0063, 0.0255, 53.887, 4, 5, 17.18
2, 0.0063, 0.0741, 53.9611, 4, 5, 17.19
2, 0.0063, 0.0601, 54.0212, 4, 5, 17.2
2, 0.0062, 0.0568, 54.078, 4, 5, 17.21
2, 0.0062, 0.0353, 54.1133, 4, 5, 17.22
2, 0.0062, 0.0829, 54.1961, 4, 5, 17.23
2, 0.0062, 0.0226, 54.2187, 4, 5, 17.24
2, 0.0061, 0.0376, 54.2562, 4, 5, 17.25
2, 0.0061, 0.0342, 54.2904, 4, 5, 17.26
2, 0.0061, 0.0485, 54.3389, 4, 5, 17.27
2, 0.0061, 0.0291, 54.368, 4, 5, 17.28
2, 0.0061, 0.0251, 54.3931, 4, 5, 17.29
2, 0.006, 0.0244, 54.4175, 4, 5, 17.3
2, 0.006, 0.0276, 54.4451, 4, 5, 17.31
2, 0.006, 0.0472, 54.4923, 4, 5, 17.32
2, 0.006, 0.038, 54.5303, 4, 5, 17.33
2, 0.0059, 0.0253, 54.5556, 4, 5, 17.34
2, 0.0059, 0.04, 54.5955, 4, 5, 17.35
2, 0.0059, 0.0456, 54.6411, 4, 5, 17.36
2, 0.0059, 0.0195, 54.6606, 4, 5, 17.37
2, 0.0059, 0.0219, 54.6825, 4, 5, 17.38
2, 0.0058, 0.0218, 54.7043, 4, 5, 17.39
2, 0.0058, 0.0205, 54.7248, 4, 5, 17.4
2, 0.0058, 0.0234, 54.7482, 4, 5, 17.41
2, 0.0058, 0.0657, 54.8138, 4, 5, 17.42
2, 0.0057, 0.0633, 54.8772, 4, 5, 17.43
2, 0.0057, 0.0886, 54.9657, 4, 5, 17.44
2, 0.0057, 0.0635, 55.0292, 4, 5, 17.45
2, 0.0057, 0.0234, 55.0527, 4, 5, 17.46
2, 0.0057, 0.0301, 55.0828, 4, 5, 17.47
2, 0.0056, 0.0231, 55.1059, 4, 5, 17.48
2, 0.0056, 0.0263, 55.1322, 4, 5, 17.49
2, 0.0056, 0.0653, 55.1975, 4, 5, 17.5
2, 0.0056, 0.0231, 55.2206, 4, 5, 17.51
2, 0.0055, 0.1077, 55.3282, 4, 5, 17.52
2, 0.0055, 0.0486, 55.3768, 4, 5, 17.53
2, 0.0055, 0.0281, 55.405, 4, 5, 17.54
2, 0.0055, 0.0272, 55.4322, 4, 5, 17.55
2, 0.0055, 0.0269, 55.4591, 4, 5, 17.56
2, 0.0054, 0.0216, 55.4807, 4, 5, 17.57
2, 0.0054, 0.0269, 55.5076, 4, 5, 17.58
2, 0.0054, 0.0921, 55.5997, 4, 5, 17.59
2, 0.0054, 0.0212, 55.6209, 4, 5, 17.6
2, 0.0053, 0.024, 55.6449, 4, 5, 17.61
2, 0.0053, 0.0472, 55.6921, 4, 5, 17.62
2, 0.0053, 0.0254, 55.7174, 4, 5, 17.63
2, 0.0053, 0.0525, 55.7699, 4, 5, 17.64
2, 0.0052, 0.0646, 55.8345, 4, 5, 17.65
2, 0.0052, 0.1076, 55.9421, 4, 5, 17.66
2, 0.0052, 0.0288, 55.9709, 4, 5, 17.67
2, 0.0052, 0.0409, 56.0118, 4, 5, 17.68
2, 0.0052, 0.0873, 56.0991, 4, 5, 17.69
2, 0.0051, 0.0311, 56.1302, 4, 5, 17.7
2, 0.0051, 0.023, 56.1532, 4, 5, 17.71
2, 0.0051, 0.024, 56.1773, 4, 5, 17.72
2, 0.0051, 0.0253, 56.2026, 4, 5, 17.73
2, 0.005, 0.0239, 56.2265, 4, 5, 17.74
2, 0.005, 0.0483, 56.2748, 4, 5, 17.75
2, 0.005, 0.0197, 56.2946, 4, 5, 17.76
2, 0.005, 0.0611, 56.3556, 4, 5, 17.77
2, 0.005, 0.0223, 56.3779, 4, 5, 17.78
2, 0.0049, 0.139, 56.5169, 4, 5, 17.79
2, 0.0049, 0.0454, 56.5624, 4, 5, 17.8
2, 0.0049, 0.0969, 56.6593, 4, 5, 17.81
2, 0.0049, 0.02, 56.6794, 4, 5, 17.82
2, 0.0048, 0.0271, 56.7064, 4, 5, 17.83
2, 0.0048, 0.0218, 56.7282, 4, 5, 17.84
2, 0.0048, 0.0236, 56.7518, 4, 5, 17.85
2, 0.0048, 0.0276, 56.7794, 4, 5, 17.86
2, 0.0048, 0.0241, 56.8035, 4, 5, 17.87
2, 0.0047, 0.068, 56.8715, 4, 5, 17.88
2, 0.0047, 0.0627, 56.9342, 4, 5, 17.89
2, 0.0047, 0.0662, 57.0004, 4, 5, 17.9
2, 0.0047, 0.0253, 57.0257, 4, 5, 17.91
2, 0.0046, 0.0297, 57.0554, 4, 5, 17.92
2, 0.0046, 0.0263, 57.0817, 4, 5, 17.93
2, 0.0046, 0.0214, 57.1031, 4, 5, 17.94
2, 0.0046, 0.025, 57.1281, 4, 5, 17.95
2, 0.0046, 0.0566, 57.1847, 4, 5, 17.96
2, 0.0045, 0.0257, 57.2104, 4, 5, 17.97
2, 0.0045, 0.0266, 57.237, 4, 5, 17.98
2, 0.0045, 0.0223, 57.2593, 4, 5, 17.99
2, 0.0045, 0.0298, 57.2891, 4, 5, 18
2, 0.0044, 0.0221, 57.3112, 4, 5, 18.01
2, 0.0044, 0.0229, 57.3341, 4, 5, 18.02
2, 0.0044, 0.0745, 57.4086, 4, 5, 18.03
2, 0.0044, 0.0496, 57.4582, 4, 5, 18.04
2, 0.0044, 0.0237, 57.4819, 4, 5, 18.05
2, 0.0043, 0.0246, 57.5065, 4, 5, 18.06
2, 0.0043, 0.0252, 57.5317, 4, 5, 18.07
2, 0.0043, 0.027, 57.5587, 4, 5, 18.08
2, 0.0043, 0.0233, 57.582, 4, 5, 18.09
2, 0.0042, 0.0255, 57.6074, 4, 5, 18.1
2, 0.0042, 0.0536, 57.661, 4, 5, 18.11
2, 0.0042, 0.0244, 57.6854, 4, 5, 18.12
2, 0.0042, 0.027, 57.7123, 4, 5, 18.13
2, 0.0042, 0.0237, 57.736, 4, 5, 18.14
2, 0.0041, 0.0239, 57.7599, 4, 5, 18.15
2, 0.0041, 0.024, 57.7839, 4, 5, 18.16
2, 0.0041, 0.022, 57.8059, 4, 5, 18.17
2, 0.0041, 0.0698, 57.8758, 4, 5, 18.18
2, 0.004, 0.1335, 58.0093, 4, 5, 18.19
2, 0.004, 0.0216, 58.0309, 4, 5, 18.2
2, 0.004, 0.036, 58.0668, 4, 5, 18.21
2, 0.004, 0.0225, 58.0893, 4, 5, 18.22
2, 0.0039, 0.0514, 58.1407, 4, 5, 18.23
2, 0.0039, 0.0532, 58.1939, 4, 5, 18.24
2, 0.0039, 0.0238, 58.2177, 4, 5, 18.25
2, 0.0039, 0.0238, 58.2414, 4, 5, 18.26
2, 0.0039, 0.0215, 58.263, 4, 5, 18.27
2, 0.0038, 0.0259, 58.2888, 4, 5, 18.28
2, 0.0038, 0.0235, 58.3123, 4, 5, 18.29
2, 0.0038, 0.0222, 58.3345, 4, 5, 18.3
2, 0.0038, 0.1184, 58.453, 4, 5, 18.31
2, 0.0037, 0.0261, 58.479, 4, 5, 18.32
2, 0.0037, 0.05, 58.5291, 4, 5, 18.33
2, 0.0037, 0.0244, 58.5535, 4, 5, 18.34
2, 0.0037, 0.0648, 58.6183, 4, 5, 18.35
2, 0.0037, 0.0264, 58.6448, 4, 5, 18.36
2, 0.0036, 0.0253, 58.6701, 4, 5, 18.37
2, 0.0036, 0.0478, 58.7179, 4, 5, 18.38
2, 0.0036, 0.0322, 58.7501, 4, 5, 18.39
2, 0.0036, 0.0266, 58.7767, 4, 5, 18.4
2, 0.0035, 0.0228, 58.7996, 4, 5, 18.41
2, 0.0035, 0.027, 58.8266, 4, 5, 18.42
2, 0.0035, 0.025, 58.8515, 4, 5, 18.43
2, 0.0035, 0.0221, 58.8737, 4, 5, 18.44
2, 0.0035, 0.0219, 58.8956, 4, 5, 18.45
2, 0.0034, 0.0717, 58.9673, 4, 5, 18.46
2, 0.0034, 0.1099, 59.0772, 4, 5, 18.47
2, 0.0034, 0.0207, 59.0979, 4, 5, 18.48
2, 0.0034, 0.092, 59.1898, 4, 5, 18.49
2, 0.0033, 0.074, 59.2639, 4, 5, 18.5
2, 0.0033, 0.0412, 59.3051, 4, 5, 18.51
2, 0.0033, 0.0271, 59.3322, 4, 5, 18.52
2, 0.0033, 0.0443, 59.3765, 4, 5, 18.53
2, 0.0033, 0.0857, 59.4622, 4, 5, 18.54
2, 0.0032, 0.0422, 59.5044, 4, 5, 18.55
2, 0.0032, 0.024, 59.5285, 4, 5, 18.56
2, 0.0032, 0.0435, 59.5719, 4, 5, 18.57
2, 0.0032, 0.0615, 59.6334, 4, 5, 18.58
2, 0.0031, 0.0301, 59.6635, 4, 5, 18.59
2, 0.0031, 0.0234, 59.6869, 4, 5, 18.6
2, 0.0031, 0.0516, 59.7385, 4, 5, 18.61
2, 0.0031, 0.0657, 59.8042, 4, 5, 18.62
2, 0.0031, 0.0242, 59.8284, 4, 5, 18.63
2, 0.003, 0.0252, 59.8536, 4, 5, 18.64
2, 0.003, 0.059, 59.9126, 4, 5, 18.65
2, 0.003, 0.0239, 59.9365, 4, 5, 18.66
2, 0.003, 0.0701, 60.0066, 4, 5, 18.67
2, 0.0029, 0.0565, 60.0631, 4, 5, 18.68
2, 0.0029, 0.0761, 60.1392, 4, 5, 18.69
2, 0.0029, 0.0224, 60.1616, 4, 5, 18.7
2, 0.0029, 0.0258, 60.1874, 4, 5, 18.71
2, 0.0029, 0.0817, 60.2691, 4, 5, 18.72
2, 0.0028, 0.1025, 60.3716, 4, 5, 18.73
2, 0.0028, 0.0207, 60.3923, 4, 5, 18.74
2, 0.0028, 0.025, 60.4173, 4, 5, 18.75
2, 0.0028, 0.0819, 60.4993, 4, 5, 18.76
2, 0.0027, 0.0803, 60.5795, 4, 5, 18.77
2, 0.0027, 0.0224, 60.6019, 4, 5, 18.78
2, 0.0027, 0.0278, 60.6297, 4, 5, 18.79
2, 0.0027, 0.0463, 60.676, 4, 5, 18.8
2, 0.0027, 0.0493, 60.7253, 4, 5, 18.81
2, 0.0026, 0.0262, 60.7515, 4, 5, 18.82
2, 0.0026, 0.0267, 60.7782, 4, 5, 18.83
2, 0.0026, 0.0253, 60.8035, 4, 5, 18.84
2, 0.0026, 0.0278, 60.8313, 4, 5, 18.85
2, 0.0025, 0.0683, 60.8996, 4, 5, 18.86
2, 0.0025, 0.0301, 60.9297, 4, 5, 18.87
2, 0.0025, 0.0266, 60.9564, 4, 5, 18.88
2, 0.0025, 0.0236, 60.9799, 4, 5, 18.89
2, 0.0025, 0.1082, 61.0881, 4, 5, 18.9
2, 0.0024, 0.0254, 61.1136, 4, 5, 18.91
2, 0.0024, 0.0978, 61.2113, 4, 5, 18.92
2, 0.0024, 0.0243, 61.2356, 4, 5, 18.93
2, 0.0024, 0.0315, 61.2672, 4, 5, 18.94
2, 0.0023, 0.0266, 61.2938, 4, 5, 18.95
2, 0.0023, 0.1153, 61.4091, 4, 5, 18.96
2, 0.0023, 0.0247, 61.4338, 4, 5, 18.97
2, 0.0023, 0.0247, 61.4585, 4, 5, 18.98
2, 0.0022, 0.0267, 61.4852, 4, 5, 18.99
2, 0.0022, 0.0439, 61.5291, 4, 5, 19
2, 0.0022, 0.0235, 61.5526, 4, 5, 19.01
2, 0.0022, 0.0933, 61.6459, 4, 5, 19.02
2, 0.0022, 0.0221, 61.668, 4, 5, 19.03
2, 0.0021, 0.0848, 61.7527, 4, 5, 19.04
2, 0.0021, 0.1288, 61.8815, 4, 5, 19.05
2, 0.0021, 0.0272, 61.9088, 4, 5, 19.06
2, 0.0021, 0.0236, 61.9324, 4, 5, 19.07
2, 0.002, 0.0282, 61.9605, 4, 5, 19.08
2, 0.002, 0.0277, 61.9882, 4, 5, 19.09
2, 0.002, 0.0316, 62.0198, 4, 5, 19.1
2, 0.002, 0.0212, 62.041, 4, 5, 19.11
2, 0.002, 0.0348, 62.0758, 4, 5, 19.12
2, 0.0019, 0.0232, 62.099, 4, 5, 19.13
2, 0.0019, 0.054, 62.153, 4, 5, 19.14
2, 0.0019, 0.0719, 62.2249, 4, 5, 19.15
2, 0.0019, 0.1605, 62.3854, 4, 5, 19.16
2, 0.0018, 0.0403, 62.4257, 4, 5, 19.17
2, 0.0018, 0.026, 62.4517, 4, 5, 19.18
2, 0.0018, 0.0271, 62.4788, 4, 5, 19.19
2, 0.0018, 0.0261, 62.5049, 4, 5, 19.2
2, 0.0018, 0.0719, 62.5767, 4, 5, 19.21
2, 0.0017, 0.0527, 62.6295, 4, 5, 19.22
2, 0.0017, 0.0461, 62.6756, 4, 5, 19.23
2, 0.0017, 0.0343, 62.7099, 4, 5, 19.24
2, 0.0017, 0.0292, 62.7391, 4, 5, 19.25
2, 0.0016, 0.0329, 62.772, 4, 5, 19.26
2, 0.0016, 0.0209, 62.7929, 4, 5, 19.27
2, 0.0016, 0.1331, 62.926, 4, 5, 19.28
2, 0.0016, 0.0178, 62.9438, 4, 5, 19.29
2, 0.0016, 0.0209, 62.9646, 4, 5, 19.3
2, 0.0015, 0.0207, 62.9853, 4, 5, 19.31
2, 0.0015, 0.0243, 63.0096, 4, 5, 19.32
2, 0.0015, 0.0285, 63.0382, 4, 5, 19.33
2, 0.0015, 0.1231, 63.1613, 4, 5, 19.34
2, 0.0014, 0.0228, 63.1841, 4, 5, 19.35
2, 0.0014, 0.0573, 63.2414, 4, 5, 19.36
2, 0.0014, 0.0704, 63.3118, 4, 5, 19.37
2, 0.0014, 0.0288, 63.3406, 4, 5, 19.38
2, 0.0014, 0.124, 63.4646, 4, 5, 19.39
2, 0.0013, 0.0292, 63.4938, 4, 5, 19.4
2, 0.0013, 0.0235, 63.5173, 4, 5, 19.41
2, 0.0013, 0.0258, 63.5431, 4, 5, 19.42
2, 0.0013, 0.0287, 63.5718, 4, 5, 19.43
2, 0.0012, 0.0242, 63.596, 4, 5, 19.44
2, 0.0012, 0.043, 63.639, 4, 5, 19.45
2, 0.0012, 0.0686, 63.7076, 4, 5, 19.46
2, 0.0012, 0.0274, 63.735, 4, 5, 19.47
2, 0.0012, 0.0242, 63.7592, 4, 5, 19.48
2, 0.0011, 0.0273, 63.7865, 4, 5, 19.49
2, 0.0011, 0.0901, 63.8766, 4, 5, 19.5
2, 0.0011, 0.111, 63.9875, 4, 5, 19.51
2, 0.0011, 0.0217, 64.0092, 4, 5, 19.52
2, 0.001, 0.0314, 64.0406, 4, 5, 19.53
2, 0.001, 0.0215, 64.0622, 4, 5, 19.54
2, 0.001, 0.0263, 64.0884, 4, 5, 19.55
2, 0.001, 0.0969, 64.1853, 4, 5, 19.56
2, 0.001, 0.119, 64.3044, 4, 5, 19.57
2, 0.0009, 0.0263, 64.3306, 4, 5, 19.58
2, 0.0009, 0.0353, 64.366, 4, 5, 19.59
2, 0.0009, 0.0293, 64.3952, 4, 5, 19.6
2, 0.0009, 0.03, 64.4253, 4, 5, 19.61
2, 0.0008, 0.0217, 64.447, 4, 5, 19.62
2, 0.0008, 0.0638, 64.5109, 4, 5, 19.63
2, 0.0008, 0.0835, 64.5944, 4, 5, 19.64
2, 0.0008, 0.102, 64.6964, 4, 5, 19.65
2, 0.0008, 0.0328, 64.7292, 4, 5, 19.66
2, 0.0007, 0.0256, 64.7548, 4, 5, 19.67
2, 0.0007, 0.0569, 64.8116, 4, 5, 19.68
2, 0.0007, 0.0353, 64.8469, 4, 5, 19.69
2, 0.0007, 0.0257, 64.8726, 4, 5, 19.7
2, 0.0006, 0.0316, 64.9042, 4, 5, 19.71
2, 0.0006, 0.0214, 64.9257, 4, 5, 19.72
2, 0.0006, 0.0723, 64.998, 4, 5, 19.73
2, 0.0006, 0.0601, 65.0581, 4, 5, 19.74
2, 0.0006, 0.09, 65.1481, 4, 5, 19.75
2, 0.0005, 0.09, 65.2381, 4, 5, 19.76
2, 0.0005, 0.0921, 65.3302, 4, 5, 19.77
2, 0.0005, 0.0531, 65.3833, 4, 5, 19.78
2, 0.0005, 0.0262, 65.4095, 4, 5, 19.79
2, 0.0004, 0.0224, 65.4318, 4, 5, 19.8
2, 0.0004, 0.0268, 65.4586, 4, 5, 19.81
2, 0.0004, 0.0251, 65.4838, 4, 5, 19.82
2, 0.0004, 0.0233, 65.507, 4, 5, 19.83
2, 0.0004, 0.0313, 65.5384, 4, 5, 19.84
2, 0.0003, 0.0213, 65.5597, 4, 5, 19.85
2, 0.0003, 0.0298, 65.5895, 4, 5, 19.86
2, 0.0003, 0.023, 65.6125, 4, 5, 19.87
2, 0.0003, 0.0432, 65.6557, 4, 5, 19.88
2, 0.0002, 0.0248, 65.6805, 4, 5, 19.89
2, 0.0002, 0.0216, 65.7021, 4, 5, 19.9
2, 0.0002, 0.0228, 65.7249, 4, 5, 19.91
2, 0.0002, 0.0477, 65.7727, 4, 5, 19.92
2, 0.0002, 0.0221, 65.7948, 4, 5, 19.93
2, 0.0001, 0.0228, 65.8176, 4, 5, 19.94
2, 0.0001, 0.0258, 65.8434, 4, 5, 19.95
2, 0.0001, 0.0246, 65.8679, 4, 5, 19.96
2, 0.0001, 0.0221, 65.89, 4, 5, 19.97
2, 0, 0.0336, 65.9236, 4, 5, 19.98
2, 0, 0.0279, 65.9515, 4, 5, 19.99
