solveResult, pEnvyFree, solveElapsedTime, totalSolveElaspsedTime, |P|, |I|, cash, fileNumber
4, 0, 0.3481, 0.3481, 1, 1, 1200, 1
4, 0, 0.0056, 0.3537, 1, 1, 1250, 1
4, 0, 0.0059, 0.3596, 1, 1, 1300, 1
4, 0, 0.0056, 0.3651, 1, 1, 1350, 1
4, 0, 0.0058, 0.371, 1, 1, 1400, 1
4, 0, 0.0058, 0.3767, 1, 1, 1450, 1
4, 0, 0.0065, 0.3832, 1, 1, 1500, 1
4, 0, 0.0065, 0.3897, 1, 2, 1200, 2
4, 0, 0.0068, 0.3964, 1, 2, 1250, 2
4, 0, 0.0069, 0.4034, 1, 2, 1300, 2
4, 0, 0.0069, 0.4103, 1, 2, 1350, 2
4, 0, 0.0073, 0.4176, 1, 2, 1400, 2
4, 0, 0.0071, 0.4246, 1, 2, 1450, 2
4, 0, 0.0071, 0.4317, 1, 2, 1500, 2
4, 0, 0.0073, 0.439, 1, 3, 1200, 3
4, 0, 0.0069, 0.4459, 1, 3, 1250, 3
4, 0, 0.008, 0.4539, 1, 3, 1300, 3
4, 0, 0.0071, 0.461, 1, 3, 1350, 3
4, 0, 0.0071, 0.4682, 1, 3, 1400, 3
4, 0, 0.0067, 0.4749, 1, 3, 1450, 3
4, 0, 0.0069, 0.4818, 1, 3, 1500, 3
4, 0, 0.007, 0.4888, 1, 4, 1200, 4
4, 0, 0.0075, 0.4963, 1, 4, 1250, 4
4, 0, 0.0069, 0.5032, 1, 4, 1300, 4
4, 0, 0.0072, 0.5104, 1, 4, 1350, 4
4, 0, 0.0068, 0.5172, 1, 4, 1400, 4
4, 0, 0.0076, 0.5248, 1, 4, 1450, 4
4, 0, 0.0069, 0.5317, 1, 4, 1500, 4
4, 0, 0.0082, 0.5399, 1, 5, 1200, 5
4, 0, 0.0069, 0.5468, 1, 5, 1250, 5
4, 0, 0.0072, 0.554, 1, 5, 1300, 5
4, 0, 0.0072, 0.5612, 1, 5, 1350, 5
4, 0, 0.0081, 0.5693, 1, 5, 1400, 5
4, 0, 0.0067, 0.5761, 1, 5, 1450, 5
4, 0, 0.0079, 0.584, 1, 5, 1500, 5
4, 0, 0.0068, 0.5908, 1, 6, 1200, 6
4, 0, 0.008, 0.5988, 1, 6, 1250, 6
4, 0, 0.0067, 0.6056, 1, 6, 1300, 6
4, 0, 0.0082, 0.6137, 1, 6, 1350, 6
4, 0, 0.0066, 0.6204, 1, 6, 1400, 6
4, 0, 0.0079, 0.6282, 1, 6, 1450, 6
4, 0, 0.007, 0.6352, 1, 6, 1500, 6
4, 0, 0.0076, 0.6428, 1, 7, 1200, 7
4, 0, 0.0068, 0.6495, 1, 7, 1250, 7
4, 0, 0.0071, 0.6566, 1, 7, 1300, 7
4, 0, 0.0066, 0.6633, 1, 7, 1350, 7
4, 0, 0.0075, 0.6707, 1, 7, 1400, 7
4, 0, 0.007, 0.6777, 1, 7, 1450, 7
4, 0, 0.0073, 0.6851, 1, 7, 1500, 7
4, 0, 0.0071, 0.6922, 1, 8, 1200, 8
4, 0, 0.007, 0.6992, 1, 8, 1250, 8
4, 0, 0.0073, 0.7065, 1, 8, 1300, 8
4, 0, 0.0073, 0.7138, 1, 8, 1350, 8
4, 0, 0.0079, 0.7217, 1, 8, 1400, 8
4, 0, 0.0077, 0.7294, 1, 8, 1450, 8
4, 0, 0.0071, 0.7366, 1, 8, 1500, 8
4, 0, 0.0078, 0.7444, 1, 9, 1200, 9
4, 0, 0.0067, 0.7511, 1, 9, 1250, 9
4, 0, 0.0069, 0.758, 1, 9, 1300, 9
4, 0, 0.0065, 0.7645, 1, 9, 1350, 9
4, 0, 0.0071, 0.7716, 1, 9, 1400, 9
4, 0, 0.007, 0.7786, 1, 9, 1450, 9
4, 0, 0.0071, 0.7857, 1, 9, 1500, 9
4, 0, 0.0071, 0.7928, 1, 10, 1200, 10
4, 0, 0.0067, 0.7995, 1, 10, 1250, 10
4, 0, 0.0074, 0.8068, 1, 10, 1300, 10
4, 0, 0.0071, 0.814, 1, 10, 1350, 10
4, 0, 0.0069, 0.8209, 1, 10, 1400, 10
4, 0, 0.0066, 0.8276, 1, 10, 1450, 10
4, 0, 0.0074, 0.835, 1, 10, 1500, 10
4, 0, 0.007, 0.8419, 1, 11, 1200, 11
4, 0, 0.0072, 0.8491, 1, 11, 1250, 11
4, 0, 0.007, 0.8561, 1, 11, 1300, 11
4, 0, 0.0085, 0.8646, 1, 11, 1350, 11
4, 0, 0.0086, 0.8732, 1, 11, 1400, 11
4, 0, 0.0086, 0.8818, 1, 11, 1450, 11
4, 0, 0.0084, 0.8902, 1, 11, 1500, 11
4, 0, 0.0083, 0.8985, 1, 12, 1200, 12
4, 0, 0.0076, 0.906, 1, 12, 1250, 12
4, 0, 0.0073, 0.9133, 1, 12, 1300, 12
4, 0, 0.0082, 0.9214, 1, 12, 1350, 12
4, 0, 0.008, 0.9295, 1, 12, 1400, 12
4, 0, 0.0089, 0.9384, 1, 12, 1450, 12
4, 0, 0.0069, 0.9452, 1, 12, 1500, 12
4, 0, 0.0078, 0.953, 1, 13, 1200, 13
4, 0, 0.0076, 0.9606, 1, 13, 1250, 13
4, 0, 0.0086, 0.9692, 1, 13, 1300, 13
4, 0, 0.0071, 0.9763, 1, 13, 1350, 13
4, 0, 0.0083, 0.9846, 1, 13, 1400, 13
4, 0, 0.0077, 0.9923, 1, 13, 1450, 13
4, 0, 0.0076, 0.9999, 1, 13, 1500, 13
4, 0, 0.0077, 1.0076, 1, 14, 1200, 14
4, 0, 0.007, 1.0146, 1, 14, 1250, 14
4, 0, 0.0083, 1.0229, 1, 14, 1300, 14
4, 0, 0.0074, 1.0303, 1, 14, 1350, 14
4, 0, 0.008, 1.0383, 1, 14, 1400, 14
4, 0, 0.0069, 1.0453, 1, 14, 1450, 14
4, 0, 0.0081, 1.0534, 1, 14, 1500, 14
4, 0, 0.0071, 1.0605, 1, 15, 1200, 15
4, 0, 0.0074, 1.0679, 1, 15, 1250, 15
4, 0, 0.0075, 1.0754, 1, 15, 1300, 15
4, 0, 0.0075, 1.0829, 1, 15, 1350, 15
4, 0, 0.0074, 1.0903, 1, 15, 1400, 15
4, 0, 0.0076, 1.0979, 1, 15, 1450, 15
4, 0, 0.0068, 1.1047, 1, 15, 1500, 15
2, 0, 0.0118, 1.1165, 2, 1, 1200, 16
2, 0, 0.0106, 1.1271, 2, 1, 1250, 16
2, 0, 0.0103, 1.1374, 2, 1, 1300, 16
2, 0, 0.0102, 1.1476, 2, 1, 1350, 16
2, 0, 0.0108, 1.1584, 2, 1, 1400, 16
2, 0, 0.0103, 1.1687, 2, 1, 1450, 16
2, 0, 0.0107, 1.1794, 2, 1, 1500, 16
2, 0, 0.0116, 1.191, 2, 2, 1200, 17
2, 0, 0.01, 1.201, 2, 2, 1250, 17
2, 0, 0.0103, 1.2113, 2, 2, 1300, 17
2, 0, 0.0105, 1.2218, 2, 2, 1350, 17
2, 0, 0.0102, 1.2319, 2, 2, 1400, 17
2, 0, 0.0101, 1.242, 2, 2, 1450, 17
2, 0, 0.0109, 1.2529, 2, 2, 1500, 17
2, 0, 0.0116, 1.2645, 2, 3, 1200, 18
2, 0, 0.0107, 1.2752, 2, 3, 1250, 18
2, 0, 0.0112, 1.2864, 2, 3, 1300, 18
2, 0, 0.0102, 1.2966, 2, 3, 1350, 18
2, 0, 0.0101, 1.3067, 2, 3, 1400, 18
2, 0, 0.0108, 1.3174, 2, 3, 1450, 18
2, 0, 0.0104, 1.3278, 2, 3, 1500, 18
2, 0, 0.0165, 1.3443, 2, 4, 1200, 19
2, 0, 0.0112, 1.3555, 2, 4, 1250, 19
2, 0, 0.0104, 1.3658, 2, 4, 1300, 19
2, 0, 0.0108, 1.3766, 2, 4, 1350, 19
2, 0, 0.0107, 1.3874, 2, 4, 1400, 19
2, 0, 0.0102, 1.3976, 2, 4, 1450, 19
2, 0, 0.0111, 1.4087, 2, 4, 1500, 19
2, 0, 0.0115, 1.4202, 2, 5, 1200, 20
2, 0, 0.0101, 1.4303, 2, 5, 1250, 20
2, 0, 0.0111, 1.4414, 2, 5, 1300, 20
2, 0, 0.0102, 1.4516, 2, 5, 1350, 20
2, 0, 0.0106, 1.4622, 2, 5, 1400, 20
2, 0, 0.0103, 1.4726, 2, 5, 1450, 20
2, 0, 0.011, 1.4836, 2, 5, 1500, 20
2, 0, 0.0125, 1.4961, 2, 6, 1200, 21
2, 0, 0.0103, 1.5064, 2, 6, 1250, 21
2, 0, 0.0102, 1.5166, 2, 6, 1300, 21
2, 0, 0.011, 1.5277, 2, 6, 1350, 21
2, 0, 0.0112, 1.5389, 2, 6, 1400, 21
2, 0, 0.0101, 1.549, 2, 6, 1450, 21
2, 0, 0.0102, 1.5592, 2, 6, 1500, 21
2, 0, 0.0121, 1.5713, 2, 7, 1200, 22
2, 0, 0.0102, 1.5815, 2, 7, 1250, 22
2, 0, 0.0115, 1.5929, 2, 7, 1300, 22
2, 0, 0.0113, 1.6042, 2, 7, 1350, 22
2, 0, 0.0116, 1.6158, 2, 7, 1400, 22
2, 0, 0.0113, 1.6271, 2, 7, 1450, 22
2, 0, 0.0111, 1.6382, 2, 7, 1500, 22
2, 0, 0.0123, 1.6505, 2, 8, 1200, 23
2, 0, 0.0103, 1.6608, 2, 8, 1250, 23
2, 0, 0.0109, 1.6717, 2, 8, 1300, 23
2, 0, 0.0114, 1.6831, 2, 8, 1350, 23
2, 0, 0.0108, 1.6939, 2, 8, 1400, 23
2, 0, 0.0099, 1.7038, 2, 8, 1450, 23
2, 0, 0.0113, 1.7151, 2, 8, 1500, 23
2, 0, 0.0169, 1.7319, 2, 9, 1200, 24
2, 0, 0.01, 1.7419, 2, 9, 1250, 24
2, 0, 0.0095, 1.7514, 2, 9, 1300, 24
2, 0, 0.0106, 1.762, 2, 9, 1350, 24
2, 0, 0.0105, 1.7725, 2, 9, 1400, 24
2, 0, 0.0132, 1.7858, 2, 9, 1450, 24
2, 0, 0.0107, 1.7965, 2, 9, 1500, 24
2, 0, 0.0133, 1.8098, 2, 10, 1200, 25
2, 0, 0.0113, 1.8211, 2, 10, 1250, 25
2, 0, 0.0103, 1.8314, 2, 10, 1300, 25
2, 0, 0.0115, 1.8429, 2, 10, 1350, 25
2, 0, 0.0103, 1.8532, 2, 10, 1400, 25
2, 0, 0.0108, 1.864, 2, 10, 1450, 25
2, 0, 0.0106, 1.8746, 2, 10, 1500, 25
2, 0, 0.0114, 1.8859, 2, 11, 1200, 26
2, 0, 0.0111, 1.897, 2, 11, 1250, 26
2, 0, 0.0109, 1.9079, 2, 11, 1300, 26
2, 0, 0.0107, 1.9186, 2, 11, 1350, 26
2, 0, 0.0105, 1.9291, 2, 11, 1400, 26
2, 0, 0.0108, 1.9399, 2, 11, 1450, 26
2, 0, 0.0109, 1.9508, 2, 11, 1500, 26
2, 0, 0.0122, 1.963, 2, 12, 1200, 27
2, 0, 0.011, 1.974, 2, 12, 1250, 27
2, 0, 0.0113, 1.9853, 2, 12, 1300, 27
2, 0, 0.0115, 1.9968, 2, 12, 1350, 27
2, 0, 0.0116, 2.0084, 2, 12, 1400, 27
2, 0, 0.0107, 2.0191, 2, 12, 1450, 27
2, 0, 0.0129, 2.032, 2, 12, 1500, 27
2, 0, 0.0115, 2.0435, 2, 13, 1200, 28
2, 0, 0.0105, 2.054, 2, 13, 1250, 28
2, 0, 0.0103, 2.0643, 2, 13, 1300, 28
2, 0, 0.0101, 2.0744, 2, 13, 1350, 28
2, 0, 0.0106, 2.0849, 2, 13, 1400, 28
2, 0, 0.0103, 2.0952, 2, 13, 1450, 28
2, 0, 0.01, 2.1053, 2, 13, 1500, 28
2, 0, 0.0117, 2.117, 2, 14, 1200, 29
2, 0, 0.0101, 2.127, 2, 14, 1250, 29
2, 0, 0.0103, 2.1374, 2, 14, 1300, 29
2, 0, 0.0105, 2.1479, 2, 14, 1350, 29
2, 0, 0.0102, 2.1581, 2, 14, 1400, 29
2, 0, 0.0112, 2.1693, 2, 14, 1450, 29
2, 0, 0.0107, 2.18, 2, 14, 1500, 29
2, 0, 0.0119, 2.1919, 2, 15, 1200, 30
2, 0, 0.0102, 2.202, 2, 15, 1250, 30
2, 0, 0.0099, 2.2119, 2, 15, 1300, 30
2, 0, 0.0102, 2.2222, 2, 15, 1350, 30
2, 0, 0.0099, 2.2321, 2, 15, 1400, 30
2, 0, 0.0115, 2.2436, 2, 15, 1450, 30
2, 0, 0.011, 2.2545, 2, 15, 1500, 30
2, 0.0483, 0.0175, 2.272, 3, 1, 1200, 31
2, 0.0385, 0.0163, 2.2883, 3, 1, 1250, 31
2, 0.0292, 0.0165, 2.3048, 3, 1, 1300, 31
2, 0.0204, 0.0196, 2.3244, 3, 1, 1350, 31
2, 0.012, 0.0197, 2.3441, 3, 1, 1400, 31
2, 0.0039, 0.0195, 2.3637, 3, 1, 1450, 31
2, 0, 0.0107, 2.3743, 3, 1, 1500, 31
2, 0.0245, 0.0175, 2.3919, 3, 2, 1200, 32
2, 0.0156, 0.0177, 2.4096, 3, 2, 1250, 32
2, 0.0072, 0.018, 2.4276, 3, 2, 1300, 32
2, 0, 0.0097, 2.4373, 3, 2, 1350, 32
2, 0, 0.0106, 2.4479, 3, 2, 1400, 32
2, 0, 0.0109, 2.4588, 3, 2, 1450, 32
2, 0, 0.01, 2.4688, 3, 2, 1500, 32
2, 0, 0.016, 2.4848, 3, 3, 1200, 33
2, 0, 0.0104, 2.4952, 3, 3, 1250, 33
2, 0, 0.011, 2.5062, 3, 3, 1300, 33
2, 0, 0.0108, 2.517, 3, 3, 1350, 33
2, 0, 0.0107, 2.5277, 3, 3, 1400, 33
2, 0, 0.0108, 2.5385, 3, 3, 1450, 33
2, 0, 0.0122, 2.5507, 3, 3, 1500, 33
2, 0, 0.0288, 2.5795, 3, 4, 1200, 34
2, 0, 0.01, 2.5896, 3, 4, 1250, 34
2, 0, 0.0112, 2.6007, 3, 4, 1300, 34
2, 0, 0.0105, 2.6112, 3, 4, 1350, 34
2, 0, 0.0103, 2.6215, 3, 4, 1400, 34
2, 0, 0.0111, 2.6326, 3, 4, 1450, 34
2, 0, 0.0114, 2.644, 3, 4, 1500, 34
2, 0, 0.0168, 2.6608, 3, 5, 1200, 35
2, 0, 0.0108, 2.6716, 3, 5, 1250, 35
2, 0, 0.0112, 2.6828, 3, 5, 1300, 35
2, 0, 0.011, 2.6938, 3, 5, 1350, 35
2, 0, 0.0108, 2.7045, 3, 5, 1400, 35
2, 0, 0.0112, 2.7158, 3, 5, 1450, 35
2, 0, 0.012, 2.7278, 3, 5, 1500, 35
2, 0, 0.0252, 2.753, 3, 6, 1200, 36
2, 0, 0.0107, 2.7637, 3, 6, 1250, 36
2, 0, 0.0135, 2.7772, 3, 6, 1300, 36
2, 0, 0.0104, 2.7876, 3, 6, 1350, 36
2, 0, 0.0102, 2.7977, 3, 6, 1400, 36
2, 0, 0.0121, 2.8098, 3, 6, 1450, 36
2, 0, 0.0107, 2.8205, 3, 6, 1500, 36
2, 0, 0.0252, 2.8457, 3, 7, 1200, 37
2, 0, 0.0116, 2.8573, 3, 7, 1250, 37
2, 0, 0.0107, 2.868, 3, 7, 1300, 37
2, 0, 0.0104, 2.8784, 3, 7, 1350, 37
2, 0, 0.0109, 2.8893, 3, 7, 1400, 37
2, 0, 0.0107, 2.9, 3, 7, 1450, 37
2, 0, 0.011, 2.911, 3, 7, 1500, 37
2, 0, 0.0254, 2.9364, 3, 8, 1200, 38
2, 0, 0.0109, 2.9473, 3, 8, 1250, 38
2, 0, 0.0108, 2.9581, 3, 8, 1300, 38
2, 0, 0.0112, 2.9693, 3, 8, 1350, 38
2, 0, 0.0106, 2.9798, 3, 8, 1400, 38
2, 0, 0.0104, 2.9903, 3, 8, 1450, 38
2, 0, 0.0109, 3.0012, 3, 8, 1500, 38
2, 0, 0.0141, 3.0153, 3, 9, 1200, 39
2, 0, 0.0103, 3.0256, 3, 9, 1250, 39
2, 0, 0.0102, 3.0358, 3, 9, 1300, 39
2, 0, 0.011, 3.0468, 3, 9, 1350, 39
2, 0, 0.0108, 3.0576, 3, 9, 1400, 39
2, 0, 0.0113, 3.0689, 3, 9, 1450, 39
2, 0, 0.0112, 3.0801, 3, 9, 1500, 39
2, 0, 0.0158, 3.0958, 3, 10, 1200, 40
2, 0, 0.0113, 3.1071, 3, 10, 1250, 40
2, 0, 0.0123, 3.1194, 3, 10, 1300, 40
2, 0, 0.0109, 3.1304, 3, 10, 1350, 40
2, 0, 0.011, 3.1414, 3, 10, 1400, 40
2, 0, 0.0117, 3.1531, 3, 10, 1450, 40
2, 0, 0.0149, 3.1679, 3, 10, 1500, 40
2, 0, 0.014, 3.1819, 3, 11, 1200, 41
2, 0, 0.0118, 3.1937, 3, 11, 1250, 41
2, 0, 0.0104, 3.2041, 3, 11, 1300, 41
2, 0, 0.0111, 3.2152, 3, 11, 1350, 41
2, 0, 0.0115, 3.2267, 3, 11, 1400, 41
2, 0, 0.0122, 3.239, 3, 11, 1450, 41
2, 0, 0.0121, 3.2511, 3, 11, 1500, 41
2, 0, 0.014, 3.2651, 3, 12, 1200, 42
2, 0, 0.0117, 3.2769, 3, 12, 1250, 42
2, 0, 0.0117, 3.2886, 3, 12, 1300, 42
2, 0, 0.0117, 3.3002, 3, 12, 1350, 42
2, 0, 0.012, 3.3122, 3, 12, 1400, 42
2, 0, 0.0108, 3.323, 3, 12, 1450, 42
2, 0, 0.0117, 3.3347, 3, 12, 1500, 42
2, 0, 0.0213, 3.356, 3, 13, 1200, 43
2, 0, 0.0111, 3.3672, 3, 13, 1250, 43
2, 0, 0.0115, 3.3786, 3, 13, 1300, 43
2, 0, 0.0113, 3.3899, 3, 13, 1350, 43
2, 0, 0.0115, 3.4014, 3, 13, 1400, 43
2, 0, 0.0114, 3.4128, 3, 13, 1450, 43
2, 0, 0.0121, 3.425, 3, 13, 1500, 43
2, 0, 0.0165, 3.4415, 3, 14, 1200, 44
2, 0, 0.0121, 3.4536, 3, 14, 1250, 44
2, 0, 0.013, 3.4666, 3, 14, 1300, 44
2, 0, 0.0151, 3.4816, 3, 14, 1350, 44
2, 0, 0.0114, 3.493, 3, 14, 1400, 44
2, 0, 0.0108, 3.5038, 3, 14, 1450, 44
2, 0, 0.0113, 3.5151, 3, 14, 1500, 44
2, 0, 0.0235, 3.5386, 3, 15, 1200, 45
2, 0, 0.0107, 3.5493, 3, 15, 1250, 45
2, 0, 0.0109, 3.5602, 3, 15, 1300, 45
2, 0, 0.0107, 3.5709, 3, 15, 1350, 45
2, 0, 0.0105, 3.5814, 3, 15, 1400, 45
2, 0, 0.0103, 3.5917, 3, 15, 1450, 45
2, 0, 0.0107, 3.6024, 3, 15, 1500, 45
2, 0, 0.0126, 3.615, 4, 1, 1200, 46
2, 0, 0.0108, 3.6258, 4, 1, 1250, 46
2, 0, 0.0103, 3.6361, 4, 1, 1300, 46
2, 0, 0.0123, 3.6484, 4, 1, 1350, 46
2, 0, 0.0111, 3.6595, 4, 1, 1400, 46
2, 0, 0.0108, 3.6704, 4, 1, 1450, 46
2, 0, 0.0108, 3.6812, 4, 1, 1500, 46
2, 0.0119, 0.0188, 3.7, 4, 2, 1200, 47
2, 0.0045, 0.0187, 3.7187, 4, 2, 1250, 47
2, 0, 0.0178, 3.7365, 4, 2, 1300, 47
2, 0, 0.0113, 3.7478, 4, 2, 1350, 47
2, 0, 0.0107, 3.7585, 4, 2, 1400, 47
2, 0, 0.0104, 3.7689, 4, 2, 1450, 47
2, 0, 0.011, 3.7799, 4, 2, 1500, 47
2, 0, 0.0271, 3.807, 4, 3, 1200, 48
2, 0, 0.0108, 3.8178, 4, 3, 1250, 48
2, 0, 0.0113, 3.8291, 4, 3, 1300, 48
2, 0, 0.0117, 3.8408, 4, 3, 1350, 48
2, 0, 0.0121, 3.8529, 4, 3, 1400, 48
2, 0, 0.0117, 3.8645, 4, 3, 1450, 48
2, 0, 0.0113, 3.8758, 4, 3, 1500, 48
2, 0, 0.0216, 3.8974, 4, 4, 1200, 49
2, 0, 0.0117, 3.9091, 4, 4, 1250, 49
2, 0, 0.0114, 3.9205, 4, 4, 1300, 49
2, 0, 0.0125, 3.9331, 4, 4, 1350, 49
2, 0, 0.0121, 3.9451, 4, 4, 1400, 49
2, 0, 0.0118, 3.9569, 4, 4, 1450, 49
2, 0, 0.0118, 3.9687, 4, 4, 1500, 49
2, 0, 0.0276, 3.9963, 4, 5, 1200, 50
2, 0, 0.012, 4.0083, 4, 5, 1250, 50
2, 0, 0.0124, 4.0207, 4, 5, 1300, 50
2, 0, 0.0115, 4.0322, 4, 5, 1350, 50
2, 0, 0.0106, 4.0428, 4, 5, 1400, 50
2, 0, 0.0108, 4.0536, 4, 5, 1450, 50
2, 0, 0.0103, 4.0639, 4, 5, 1500, 50
2, 0, 0.019, 4.0829, 4, 6, 1200, 51
2, 0, 0.0108, 4.0937, 4, 6, 1250, 51
2, 0, 0.0107, 4.1044, 4, 6, 1300, 51
2, 0, 0.0112, 4.1156, 4, 6, 1350, 51
2, 0, 0.0109, 4.1265, 4, 6, 1400, 51
2, 0, 0.0109, 4.1374, 4, 6, 1450, 51
2, 0, 0.0105, 4.1479, 4, 6, 1500, 51
2, 0, 0.0445, 4.1924, 4, 7, 1200, 52
2, 0, 0.0118, 4.2042, 4, 7, 1250, 52
2, 0, 0.0115, 4.2157, 4, 7, 1300, 52
2, 0, 0.0119, 4.2276, 4, 7, 1350, 52
2, 0, 0.0174, 4.245, 4, 7, 1400, 52
2, 0, 0.0113, 4.2563, 4, 7, 1450, 52
2, 0, 0.0114, 4.2677, 4, 7, 1500, 52
2, 0, 0.0251, 4.2928, 4, 8, 1200, 53
2, 0, 0.0108, 4.3036, 4, 8, 1250, 53
2, 0, 0.0113, 4.3149, 4, 8, 1300, 53
2, 0, 0.0113, 4.3262, 4, 8, 1350, 53
2, 0, 0.0114, 4.3376, 4, 8, 1400, 53
2, 0, 0.0118, 4.3493, 4, 8, 1450, 53
2, 0, 0.0114, 4.3608, 4, 8, 1500, 53
2, 0, 0.0158, 4.3766, 4, 9, 1200, 54
2, 0, 0.012, 4.3886, 4, 9, 1250, 54
2, 0, 0.0115, 4.4001, 4, 9, 1300, 54
2, 0, 0.0115, 4.4116, 4, 9, 1350, 54
2, 0, 0.0108, 4.4224, 4, 9, 1400, 54
2, 0, 0.0163, 4.4388, 4, 9, 1450, 54
2, 0, 0.0142, 4.453, 4, 9, 1500, 54
2, 0, 0.0261, 4.4791, 4, 10, 1200, 55
2, 0, 0.0125, 4.4916, 4, 10, 1250, 55
2, 0, 0.0118, 4.5033, 4, 10, 1300, 55
2, 0, 0.0109, 4.5142, 4, 10, 1350, 55
2, 0, 0.0126, 4.5268, 4, 10, 1400, 55
2, 0, 0.0126, 4.5394, 4, 10, 1450, 55
2, 0, 0.0127, 4.5521, 4, 10, 1500, 55
2, 0, 0.0184, 4.5704, 4, 11, 1200, 56
2, 0, 0.0124, 4.5828, 4, 11, 1250, 56
2, 0, 0.0111, 4.5939, 4, 11, 1300, 56
2, 0, 0.0122, 4.606, 4, 11, 1350, 56
2, 0, 0.0141, 4.6201, 4, 11, 1400, 56
2, 0, 0.016, 4.636, 4, 11, 1450, 56
2, 0, 0.0112, 4.6473, 4, 11, 1500, 56
2, 0, 0.0188, 4.6661, 4, 12, 1200, 57
2, 0, 0.0105, 4.6766, 4, 12, 1250, 57
2, 0, 0.0098, 4.6863, 4, 12, 1300, 57
2, 0, 0.0098, 4.6961, 4, 12, 1350, 57
2, 0, 0.0099, 4.706, 4, 12, 1400, 57
2, 0, 0.0103, 4.7163, 4, 12, 1450, 57
2, 0, 0.0102, 4.7265, 4, 12, 1500, 57
2, 0, 0.0131, 4.7396, 4, 13, 1200, 58
2, 0, 0.0106, 4.7502, 4, 13, 1250, 58
2, 0, 0.01, 4.7602, 4, 13, 1300, 58
2, 0, 0.01, 4.7702, 4, 13, 1350, 58
2, 0, 0.0097, 4.7799, 4, 13, 1400, 58
2, 0, 0.0099, 4.7898, 4, 13, 1450, 58
2, 0, 0.0099, 4.7997, 4, 13, 1500, 58
2, 0, 0.0135, 4.8131, 4, 14, 1200, 59
2, 0, 0.0111, 4.8243, 4, 14, 1250, 59
2, 0, 0.0112, 4.8355, 4, 14, 1300, 59
2, 0, 0.0118, 4.8473, 4, 14, 1350, 59
2, 0, 0.011, 4.8583, 4, 14, 1400, 59
2, 0, 0.0113, 4.8696, 4, 14, 1450, 59
2, 0, 0.0116, 4.8812, 4, 14, 1500, 59
2, 0, 0.0415, 4.9227, 4, 15, 1200, 60
2, 0, 0.012, 4.9347, 4, 15, 1250, 60
2, 0, 0.0118, 4.9465, 4, 15, 1300, 60
2, 0, 0.0126, 4.9591, 4, 15, 1350, 60
2, 0, 0.0119, 4.971, 4, 15, 1400, 60
2, 0, 0.0122, 4.9832, 4, 15, 1450, 60
2, 0, 0.0117, 4.9949, 4, 15, 1500, 60
2, 0.1228, 0.0208, 5.0157, 5, 1, 1200, 61
2, 0.1137, 0.0182, 5.0339, 5, 1, 1250, 61
2, 0.1054, 0.0209, 5.0548, 5, 1, 1300, 61
2, 0.0983, 0.0204, 5.0752, 5, 1, 1350, 61
2, 0.0919, 0.0238, 5.0989, 5, 1, 1400, 61
2, 0.0861, 0.0252, 5.1241, 5, 1, 1450, 61
2, 0.0806, 0.02, 5.1441, 5, 1, 1500, 61
2, 0.1298, 0.0215, 5.1656, 5, 2, 1200, 62
2, 0.1222, 0.0183, 5.1838, 5, 2, 1250, 62
2, 0.115, 0.0178, 5.2016, 5, 2, 1300, 62
2, 0.1081, 0.0182, 5.2198, 5, 2, 1350, 62
2, 0.1014, 0.0181, 5.2379, 5, 2, 1400, 62
2, 0.0951, 0.0199, 5.2578, 5, 2, 1450, 62
2, 0.0884, 0.0212, 5.279, 5, 2, 1500, 62
2, 0.0307, 0.0396, 5.3186, 5, 3, 1200, 63
2, 0.0245, 0.0217, 5.3403, 5, 3, 1250, 63
102, 0.0191, 0.0191, 5.3594, 5, 3, 1300, 63
2, 0.014, 0.0185, 5.3779, 5, 3, 1350, 63
2, 0.0091, 0.0189, 5.3968, 5, 3, 1400, 63
2, 0.0043, 0.0206, 5.4175, 5, 3, 1450, 63
2, 0, 0.0115, 5.4289, 5, 3, 1500, 63
2, 0, 0.0154, 5.4443, 5, 4, 1200, 64
2, 0, 0.012, 5.4564, 5, 4, 1250, 64
2, 0, 0.0116, 5.468, 5, 4, 1300, 64
2, 0, 0.0121, 5.4801, 5, 4, 1350, 64
2, 0, 0.0122, 5.4922, 5, 4, 1400, 64
2, 0, 0.0119, 5.5042, 5, 4, 1450, 64
2, 0, 0.0159, 5.52, 5, 4, 1500, 64
2, 0, 0.0307, 5.5507, 5, 5, 1200, 65
2, 0, 0.0108, 5.5616, 5, 5, 1250, 65
2, 0, 0.0109, 5.5724, 5, 5, 1300, 65
2, 0, 0.011, 5.5834, 5, 5, 1350, 65
2, 0, 0.0112, 5.5946, 5, 5, 1400, 65
2, 0, 0.0108, 5.6054, 5, 5, 1450, 65
2, 0, 0.0113, 5.6167, 5, 5, 1500, 65
2, 0, 0.0282, 5.6449, 5, 6, 1200, 66
2, 0, 0.0115, 5.6565, 5, 6, 1250, 66
2, 0, 0.0124, 5.6689, 5, 6, 1300, 66
2, 0, 0.0126, 5.6814, 5, 6, 1350, 66
2, 0, 0.0116, 5.6931, 5, 6, 1400, 66
2, 0, 0.0174, 5.7105, 5, 6, 1450, 66
2, 0, 0.0111, 5.7216, 5, 6, 1500, 66
2, 0, 0.0197, 5.7414, 5, 7, 1200, 67
2, 0, 0.0112, 5.7526, 5, 7, 1250, 67
2, 0, 0.0121, 5.7647, 5, 7, 1300, 67
2, 0, 0.0123, 5.777, 5, 7, 1350, 67
2, 0, 0.0118, 5.7887, 5, 7, 1400, 67
2, 0, 0.0123, 5.8011, 5, 7, 1450, 67
2, 0, 0.0122, 5.8133, 5, 7, 1500, 67
2, 0, 0.0257, 5.839, 5, 8, 1200, 68
2, 0, 0.0112, 5.8502, 5, 8, 1250, 68
2, 0, 0.0127, 5.8629, 5, 8, 1300, 68
2, 0, 0.0123, 5.8752, 5, 8, 1350, 68
2, 0, 0.012, 5.8872, 5, 8, 1400, 68
2, 0, 0.0115, 5.8987, 5, 8, 1450, 68
2, 0, 0.0114, 5.9102, 5, 8, 1500, 68
2, 0, 0.022, 5.9321, 5, 9, 1200, 69
2, 0, 0.0113, 5.9434, 5, 9, 1250, 69
2, 0, 0.0116, 5.9551, 5, 9, 1300, 69
2, 0, 0.0114, 5.9665, 5, 9, 1350, 69
2, 0, 0.0114, 5.9779, 5, 9, 1400, 69
2, 0, 0.0112, 5.9891, 5, 9, 1450, 69
2, 0, 0.0119, 6.001, 5, 9, 1500, 69
2, 0, 0.0319, 6.0329, 5, 10, 1200, 70
2, 0, 0.0118, 6.0448, 5, 10, 1250, 70
2, 0, 0.0119, 6.0566, 5, 10, 1300, 70
2, 0, 0.0116, 6.0683, 5, 10, 1350, 70
2, 0, 0.0116, 6.0799, 5, 10, 1400, 70
2, 0, 0.0116, 6.0914, 5, 10, 1450, 70
2, 0, 0.0114, 6.1028, 5, 10, 1500, 70
2, 0, 0.0274, 6.1302, 5, 11, 1200, 71
2, 0, 0.0114, 6.1416, 5, 11, 1250, 71
2, 0, 0.011, 6.1525, 5, 11, 1300, 71
2, 0, 0.0113, 6.1638, 5, 11, 1350, 71
2, 0, 0.0114, 6.1752, 5, 11, 1400, 71
2, 0, 0.0118, 6.187, 5, 11, 1450, 71
2, 0, 0.0179, 6.2049, 5, 11, 1500, 71
2, 0, 0.0264, 6.2313, 5, 12, 1200, 72
2, 0, 0.0124, 6.2437, 5, 12, 1250, 72
2, 0, 0.0121, 6.2559, 5, 12, 1300, 72
2, 0, 0.0127, 6.2685, 5, 12, 1350, 72
2, 0, 0.0128, 6.2814, 5, 12, 1400, 72
2, 0, 0.0122, 6.2935, 5, 12, 1450, 72
2, 0, 0.0121, 6.3056, 5, 12, 1500, 72
2, 0, 0.0236, 6.3293, 5, 13, 1200, 73
2, 0, 0.0128, 6.3421, 5, 13, 1250, 73
2, 0, 0.0123, 6.3544, 5, 13, 1300, 73
2, 0, 0.0126, 6.367, 5, 13, 1350, 73
2, 0, 0.0128, 6.3799, 5, 13, 1400, 73
2, 0, 0.0129, 6.3928, 5, 13, 1450, 73
2, 0, 0.0189, 6.4116, 5, 13, 1500, 73
2, 0, 0.0298, 6.4414, 5, 14, 1200, 74
2, 0, 0.012, 6.4535, 5, 14, 1250, 74
2, 0, 0.0121, 6.4655, 5, 14, 1300, 74
2, 0, 0.0132, 6.4787, 5, 14, 1350, 74
2, 0, 0.0122, 6.491, 5, 14, 1400, 74
2, 0, 0.0126, 6.5035, 5, 14, 1450, 74
2, 0, 0.0125, 6.516, 5, 14, 1500, 74
2, 0, 0.0163, 6.5323, 5, 15, 1200, 75
2, 0, 0.012, 6.5443, 5, 15, 1250, 75
2, 0, 0.0118, 6.5562, 5, 15, 1300, 75
2, 0, 0.0118, 6.568, 5, 15, 1350, 75
2, 0, 0.0119, 6.5799, 5, 15, 1400, 75
2, 0, 0.012, 6.592, 5, 15, 1450, 75
2, 0, 0.0122, 6.6041, 5, 15, 1500, 75
2, 0.1716, 0.0181, 6.6222, 6, 1, 1200, 76
2, 0.1626, 0.0168, 6.6391, 6, 1, 1250, 76
2, 0.1542, 0.0177, 6.6568, 6, 1, 1300, 76
2, 0.1462, 0.0172, 6.674, 6, 1, 1350, 76
2, 0.1391, 0.0168, 6.6908, 6, 1, 1400, 76
2, 0.1325, 0.0174, 6.7083, 6, 1, 1450, 76
2, 0.1262, 0.0302, 6.7385, 6, 1, 1500, 76
2, 0.0878, 0.026, 6.7645, 6, 2, 1200, 77
2, 0.0812, 0.0195, 6.784, 6, 2, 1250, 77
2, 0.0748, 0.0189, 6.803, 6, 2, 1300, 77
2, 0.0688, 0.0177, 6.8206, 6, 2, 1350, 77
2, 0.0631, 0.0194, 6.8401, 6, 2, 1400, 77
2, 0.0577, 0.0184, 6.8585, 6, 2, 1450, 77
2, 0.0527, 0.0188, 6.8773, 6, 2, 1500, 77
2, 0.0974, 0.0236, 6.9009, 6, 3, 1200, 78
2, 0.0893, 0.0289, 6.9298, 6, 3, 1250, 78
2, 0.0815, 0.0221, 6.9519, 6, 3, 1300, 78
2, 0.0741, 0.0343, 6.9862, 6, 3, 1350, 78
102, 0.0682, 0.0202, 7.0064, 6, 3, 1400, 78
102, 0.0625, 0.0199, 7.0262, 6, 3, 1450, 78
102, 0.057, 0.019, 7.0452, 6, 3, 1500, 78
2, 0.0646, 0.0255, 7.0707, 6, 4, 1200, 79
2, 0.0562, 0.0317, 7.1023, 6, 4, 1250, 79
2, 0.048, 0.0309, 7.1332, 6, 4, 1300, 79
2, 0.0401, 0.0578, 7.191, 6, 4, 1350, 79
2, 0.0324, 0.0216, 7.2126, 6, 4, 1400, 79
2, 0.0249, 0.0216, 7.2342, 6, 4, 1450, 79
2, 0.0196, 0.0219, 7.2562, 6, 4, 1500, 79
2, 0.0143, 0.0258, 7.282, 6, 5, 1200, 80
102, 0.0123, 0.0235, 7.3055, 6, 5, 1250, 80
102, 0.0104, 0.0242, 7.3297, 6, 5, 1300, 80
2, 0.0087, 0.0244, 7.3541, 6, 5, 1350, 80
2, 0.0072, 0.0248, 7.3789, 6, 5, 1400, 80
102, 0.0059, 0.0235, 7.4024, 6, 5, 1450, 80
2, 0.0048, 0.0224, 7.4248, 6, 5, 1500, 80
2, 0.0021, 0.0273, 7.4521, 6, 6, 1200, 81
2, 0, 0.0203, 7.4724, 6, 6, 1250, 81
2, 0, 0.0108, 7.4832, 6, 6, 1300, 81
2, 0, 0.0123, 7.4955, 6, 6, 1350, 81
2, 0, 0.0119, 7.5074, 6, 6, 1400, 81
2, 0, 0.0122, 7.5196, 6, 6, 1450, 81
2, 0, 0.0125, 7.5321, 6, 6, 1500, 81
2, 0, 0.0299, 7.562, 6, 7, 1200, 82
2, 0, 0.012, 7.574, 6, 7, 1250, 82
2, 0, 0.0113, 7.5854, 6, 7, 1300, 82
2, 0, 0.0113, 7.5967, 6, 7, 1350, 82
2, 0, 0.012, 7.6087, 6, 7, 1400, 82
2, 0, 0.0129, 7.6216, 6, 7, 1450, 82
2, 0, 0.0113, 7.6329, 6, 7, 1500, 82
2, 0, 0.0244, 7.6573, 6, 8, 1200, 83
2, 0, 0.0122, 7.6695, 6, 8, 1250, 83
2, 0, 0.0121, 7.6816, 6, 8, 1300, 83
2, 0, 0.0123, 7.6939, 6, 8, 1350, 83
2, 0, 0.012, 7.7058, 6, 8, 1400, 83
2, 0, 0.0124, 7.7182, 6, 8, 1450, 83
2, 0, 0.0122, 7.7304, 6, 8, 1500, 83
2, 0, 0.0251, 7.7555, 6, 9, 1200, 84
2, 0, 0.0123, 7.7678, 6, 9, 1250, 84
2, 0, 0.0119, 7.7796, 6, 9, 1300, 84
2, 0, 0.0121, 7.7917, 6, 9, 1350, 84
2, 0, 0.0126, 7.8043, 6, 9, 1400, 84
2, 0, 0.0132, 7.8176, 6, 9, 1450, 84
2, 0, 0.0122, 7.8298, 6, 9, 1500, 84
2, 0, 0.0259, 7.8557, 6, 10, 1200, 85
2, 0, 0.013, 7.8687, 6, 10, 1250, 85
2, 0, 0.0133, 7.882, 6, 10, 1300, 85
2, 0, 0.0136, 7.8955, 6, 10, 1350, 85
2, 0, 0.0138, 7.9093, 6, 10, 1400, 85
2, 0, 0.0131, 7.9225, 6, 10, 1450, 85
2, 0, 0.0131, 7.9356, 6, 10, 1500, 85
2, 0, 0.0257, 7.9613, 6, 11, 1200, 86
2, 0, 0.0126, 7.9739, 6, 11, 1250, 86
2, 0, 0.0124, 7.9863, 6, 11, 1300, 86
2, 0, 0.0125, 7.9987, 6, 11, 1350, 86
2, 0, 0.0117, 8.0104, 6, 11, 1400, 86
2, 0, 0.0119, 8.0223, 6, 11, 1450, 86
2, 0, 0.0118, 8.0341, 6, 11, 1500, 86
2, 0, 0.0412, 8.0754, 6, 12, 1200, 87
2, 0, 0.0135, 8.0889, 6, 12, 1250, 87
2, 0, 0.0122, 8.1011, 6, 12, 1300, 87
2, 0, 0.0123, 8.1134, 6, 12, 1350, 87
2, 0, 0.0123, 8.1257, 6, 12, 1400, 87
2, 0, 0.0121, 8.1378, 6, 12, 1450, 87
2, 0, 0.0121, 8.1499, 6, 12, 1500, 87
2, 0, 0.0257, 8.1755, 6, 13, 1200, 88
2, 0, 0.012, 8.1875, 6, 13, 1250, 88
2, 0, 0.0124, 8.1999, 6, 13, 1300, 88
2, 0, 0.012, 8.2119, 6, 13, 1350, 88
2, 0, 0.0121, 8.224, 6, 13, 1400, 88
2, 0, 0.0123, 8.2363, 6, 13, 1450, 88
2, 0, 0.014, 8.2504, 6, 13, 1500, 88
2, 0, 0.0182, 8.2686, 6, 14, 1200, 89
2, 0, 0.0134, 8.2819, 6, 14, 1250, 89
2, 0, 0.0132, 8.2951, 6, 14, 1300, 89
2, 0, 0.013, 8.3081, 6, 14, 1350, 89
2, 0, 0.013, 8.3211, 6, 14, 1400, 89
2, 0, 0.0135, 8.3346, 6, 14, 1450, 89
2, 0, 0.0136, 8.3482, 6, 14, 1500, 89
2, 0, 0.0268, 8.375, 6, 15, 1200, 90
2, 0, 0.0131, 8.3881, 6, 15, 1250, 90
2, 0, 0.0122, 8.4003, 6, 15, 1300, 90
2, 0, 0.012, 8.4123, 6, 15, 1350, 90
2, 0, 0.0124, 8.4248, 6, 15, 1400, 90
2, 0, 0.0124, 8.4372, 6, 15, 1450, 90
2, 0, 0.0125, 8.4496, 6, 15, 1500, 90
2, 0.222, 0.0202, 8.4698, 7, 1, 1200, 91
2, 0.2127, 0.0177, 8.4875, 7, 1, 1250, 91
2, 0.2038, 0.018, 8.5055, 7, 1, 1300, 91
2, 0.1954, 0.019, 8.5245, 7, 1, 1350, 91
2, 0.1874, 0.0185, 8.543, 7, 1, 1400, 91
2, 0.1798, 0.0183, 8.5613, 7, 1, 1450, 91
2, 0.1726, 0.0252, 8.5866, 7, 1, 1500, 91
2, 0.1855, 0.0374, 8.6239, 7, 2, 1200, 92
102, 0.1763, 0.0228, 8.6467, 7, 2, 1250, 92
102, 0.1676, 0.025, 8.6717, 7, 2, 1300, 92
102, 0.1602, 0.0205, 8.6923, 7, 2, 1350, 92
2, 0.1534, 0.0204, 8.7126, 7, 2, 1400, 92
2, 0.1468, 0.0204, 8.733, 7, 2, 1450, 92
2, 0.1406, 0.021, 8.754, 7, 2, 1500, 92
2, 0.1571, 0.0228, 8.7768, 7, 3, 1200, 93
102, 0.1505, 0.028, 8.8049, 7, 3, 1250, 93
103, 0.144, 0.0237, 8.8286, 7, 3, 1300, 93
2, 0.1379, 0.0204, 8.8489, 7, 3, 1350, 93
2, 0.1319, 0.025, 8.874, 7, 3, 1400, 93
2, 0.1265, 0.0293, 8.9033, 7, 3, 1450, 93
2, 0.1216, 0.0443, 8.9476, 7, 3, 1500, 93
2, 0.106, 0.0513, 8.9989, 7, 4, 1200, 94
2, 0.0987, 0.029, 9.028, 7, 4, 1250, 94
102, 0.0916, 0.0289, 9.0569, 7, 4, 1300, 94
102, 0.0847, 0.0326, 9.0895, 7, 4, 1350, 94
2, 0.0781, 0.0241, 9.1136, 7, 4, 1400, 94
102, 0.0717, 0.0236, 9.1372, 7, 4, 1450, 94
102, 0.0676, 0.0333, 9.1705, 7, 4, 1500, 94
2, 0.0547, 0.0288, 9.1994, 7, 5, 1200, 95
102, 0.0496, 0.0284, 9.2278, 7, 5, 1250, 95
2, 0.0411, 0.0242, 9.2519, 7, 5, 1300, 95
102, 0.0326, 0.0218, 9.2738, 7, 5, 1350, 95
2, 0.0243, 0.027, 9.3008, 7, 5, 1400, 95
2, 0.0196, 0.0253, 9.3261, 7, 5, 1450, 95
2, 0.0162, 0.0253, 9.3514, 7, 5, 1500, 95
2, 0, 0.0219, 9.3733, 7, 6, 1200, 96
2, 0, 0.0136, 9.3869, 7, 6, 1250, 96
2, 0, 0.0127, 9.3996, 7, 6, 1300, 96
2, 0, 0.0127, 9.4123, 7, 6, 1350, 96
2, 0, 0.0129, 9.4252, 7, 6, 1400, 96
2, 0, 0.0124, 9.4376, 7, 6, 1450, 96
2, 0, 0.0122, 9.4498, 7, 6, 1500, 96
2, 0, 0.0407, 9.4905, 7, 7, 1200, 97
2, 0, 0.0117, 9.5022, 7, 7, 1250, 97
2, 0, 0.0119, 9.514, 7, 7, 1300, 97
2, 0, 0.0122, 9.5262, 7, 7, 1350, 97
2, 0, 0.012, 9.5382, 7, 7, 1400, 97
2, 0, 0.0118, 9.5501, 7, 7, 1450, 97
2, 0, 0.0127, 9.5628, 7, 7, 1500, 97
2, 0, 0.0311, 9.594, 7, 8, 1200, 98
2, 0, 0.0123, 9.6063, 7, 8, 1250, 98
2, 0, 0.0128, 9.6191, 7, 8, 1300, 98
2, 0, 0.0128, 9.6319, 7, 8, 1350, 98
2, 0, 0.0133, 9.6452, 7, 8, 1400, 98
2, 0, 0.0131, 9.6583, 7, 8, 1450, 98
2, 0, 0.0123, 9.6706, 7, 8, 1500, 98
2, 0, 0.0339, 9.7045, 7, 9, 1200, 99
2, 0, 0.0135, 9.718, 7, 9, 1250, 99
2, 0, 0.0133, 9.7313, 7, 9, 1300, 99
2, 0, 0.0126, 9.7439, 7, 9, 1350, 99
2, 0, 0.0139, 9.7578, 7, 9, 1400, 99
2, 0, 0.0124, 9.7701, 7, 9, 1450, 99
2, 0, 0.0129, 9.7831, 7, 9, 1500, 99
2, 0, 0.0329, 9.816, 7, 10, 1200, 100
2, 0, 0.0132, 9.8292, 7, 10, 1250, 100
2, 0, 0.0136, 9.8428, 7, 10, 1300, 100
2, 0, 0.0137, 9.8565, 7, 10, 1350, 100
2, 0, 0.0136, 9.8701, 7, 10, 1400, 100
2, 0, 0.0133, 9.8834, 7, 10, 1450, 100
2, 0, 0.014, 9.8973, 7, 10, 1500, 100
2, 0, 0.0513, 9.9486, 7, 11, 1200, 101
2, 0, 0.0133, 9.9619, 7, 11, 1250, 101
2, 0, 0.0134, 9.9753, 7, 11, 1300, 101
2, 0, 0.0131, 9.9884, 7, 11, 1350, 101
2, 0, 0.0123, 10.0007, 7, 11, 1400, 101
2, 0, 0.0127, 10.0134, 7, 11, 1450, 101
2, 0, 0.0127, 10.0261, 7, 11, 1500, 101
2, 0, 0.0541, 10.0802, 7, 12, 1200, 102
2, 0, 0.0113, 10.0915, 7, 12, 1250, 102
2, 0, 0.0125, 10.104, 7, 12, 1300, 102
2, 0, 0.0122, 10.1161, 7, 12, 1350, 102
2, 0, 0.0123, 10.1284, 7, 12, 1400, 102
2, 0, 0.0127, 10.1411, 7, 12, 1450, 102
2, 0, 0.0125, 10.1536, 7, 12, 1500, 102
2, 0, 0.0296, 10.1832, 7, 13, 1200, 103
2, 0, 0.0123, 10.1955, 7, 13, 1250, 103
2, 0, 0.0126, 10.2081, 7, 13, 1300, 103
2, 0, 0.0125, 10.2206, 7, 13, 1350, 103
2, 0, 0.0132, 10.2338, 7, 13, 1400, 103
2, 0, 0.0129, 10.2466, 7, 13, 1450, 103
2, 0, 0.0134, 10.26, 7, 13, 1500, 103
2, 0, 0.0251, 10.2852, 7, 14, 1200, 104
2, 0, 0.0127, 10.2979, 7, 14, 1250, 104
2, 0, 0.0125, 10.3104, 7, 14, 1300, 104
2, 0, 0.0135, 10.3239, 7, 14, 1350, 104
2, 0, 0.0124, 10.3363, 7, 14, 1400, 104
2, 0, 0.0124, 10.3487, 7, 14, 1450, 104
2, 0, 0.0127, 10.3614, 7, 14, 1500, 104
2, 0, 0.0228, 10.3842, 7, 15, 1200, 105
2, 0, 0.0128, 10.397, 7, 15, 1250, 105
2, 0, 0.0137, 10.4107, 7, 15, 1300, 105
2, 0, 0.0138, 10.4245, 7, 15, 1350, 105
2, 0, 0.0141, 10.4387, 7, 15, 1400, 105
2, 0, 0.0143, 10.453, 7, 15, 1450, 105
2, 0, 0.0131, 10.4661, 7, 15, 1500, 105
2, 0.2237, 0.0224, 10.4885, 8, 1, 1200, 106
2, 0.2154, 0.0182, 10.5067, 8, 1, 1250, 106
2, 0.2075, 0.0173, 10.524, 8, 1, 1300, 106
2, 0.2, 0.0179, 10.5419, 8, 1, 1350, 106
2, 0.1929, 0.0176, 10.5595, 8, 1, 1400, 106
2, 0.1861, 0.0174, 10.5769, 8, 1, 1450, 106
2, 0.1797, 0.0213, 10.5982, 8, 1, 1500, 106
2, 0.1762, 0.0449, 10.6431, 8, 2, 1200, 107
2, 0.1681, 0.0231, 10.6662, 8, 2, 1250, 107
2, 0.1604, 0.0272, 10.6934, 8, 2, 1300, 107
2, 0.1531, 0.0236, 10.7171, 8, 2, 1350, 107
2, 0.1461, 0.0243, 10.7414, 8, 2, 1400, 107
2, 0.1393, 0.0229, 10.7643, 8, 2, 1450, 107
2, 0.1329, 0.0384, 10.8027, 8, 2, 1500, 107
2, 0.2003, 0.0344, 10.8372, 8, 3, 1200, 108
2, 0.1932, 0.027, 10.8642, 8, 3, 1250, 108
2, 0.1859, 0.0285, 10.8927, 8, 3, 1300, 108
2, 0.1789, 0.0288, 10.9215, 8, 3, 1350, 108
2, 0.1722, 0.0367, 10.9582, 8, 3, 1400, 108
2, 0.1663, 0.0468, 11.005, 8, 3, 1450, 108
2, 0.1611, 0.0315, 11.0365, 8, 3, 1500, 108
2, 0.1021, 0.0378, 11.0743, 8, 4, 1200, 109
2, 0.0959, 0.0323, 11.1066, 8, 4, 1250, 109
2, 0.0899, 0.032, 11.1385, 8, 4, 1300, 109
102, 0.0841, 0.0265, 11.165, 8, 4, 1350, 109
2, 0.0785, 0.0577, 11.2227, 8, 4, 1400, 109
2, 0.0731, 0.0346, 11.2573, 8, 4, 1450, 109
2, 0.0679, 0.0272, 11.2845, 8, 4, 1500, 109
102, 0.0816, 0.0534, 11.3379, 8, 5, 1200, 110
3, 0.0763, 0.0778, 11.4157, 8, 5, 1250, 110
2, 0.0714, 0.0523, 11.468, 8, 5, 1300, 110
2, 0.0667, 0.0474, 11.5154, 8, 5, 1350, 110
2, 0.0621, 0.0456, 11.561, 8, 5, 1400, 110
2, 0.0576, 0.0914, 11.6524, 8, 5, 1450, 110
2, 0.0533, 0.0451, 11.6975, 8, 5, 1500, 110
2, 0.0321, 0.0348, 11.7322, 8, 6, 1200, 111
2, 0.0294, 0.0248, 11.7571, 8, 6, 1250, 111
102, 0.0259, 0.031, 11.788, 8, 6, 1300, 111
102, 0.0226, 0.0298, 11.8178, 8, 6, 1350, 111
2, 0.0201, 0.0393, 11.8571, 8, 6, 1400, 111
2, 0.0177, 0.0343, 11.8914, 8, 6, 1450, 111
2, 0.0153, 0.0268, 11.9182, 8, 6, 1500, 111
2, 0.0097, 0.0443, 11.9625, 8, 7, 1200, 112
102, 0.0081, 0.0299, 11.9924, 8, 7, 1250, 112
102, 0.0068, 0.0273, 12.0197, 8, 7, 1300, 112
2, 0.0054, 0.0266, 12.0463, 8, 7, 1350, 112
2, 0.0041, 0.0312, 12.0775, 8, 7, 1400, 112
2, 0.0028, 0.0276, 12.1052, 8, 7, 1450, 112
2, 0.0019, 0.0253, 12.1305, 8, 7, 1500, 112
2, 0, 0.0794, 12.2098, 8, 8, 1200, 113
2, 0, 0.011, 12.2209, 8, 8, 1250, 113
2, 0, 0.0121, 12.233, 8, 8, 1300, 113
2, 0, 0.0126, 12.2456, 8, 8, 1350, 113
2, 0, 0.0131, 12.2587, 8, 8, 1400, 113
2, 0, 0.0132, 12.2719, 8, 8, 1450, 113
2, 0, 0.0131, 12.2849, 8, 8, 1500, 113
2, 0, 0.0487, 12.3336, 8, 9, 1200, 114
2, 0, 0.0125, 12.3461, 8, 9, 1250, 114
2, 0, 0.0141, 12.3602, 8, 9, 1300, 114
2, 0, 0.0131, 12.3732, 8, 9, 1350, 114
2, 0, 0.0296, 12.4028, 8, 9, 1400, 114
2, 0, 0.0121, 12.4149, 8, 9, 1450, 114
2, 0, 0.0123, 12.4272, 8, 9, 1500, 114
2, 0.0074, 1.1686, 13.5958, 8, 10, 1200, 115
2, 0.0065, 1.1532, 14.749, 8, 10, 1250, 115
2, 0.0055, 1.3255, 16.0745, 8, 10, 1300, 115
2, 0.0046, 1.1769, 17.2514, 8, 10, 1350, 115
2, 0.0036, 1.1381, 18.3895, 8, 10, 1400, 115
2, 0.0026, 1.3188, 19.7083, 8, 10, 1450, 115
3, 0.0017, 0.6004, 20.3087, 8, 10, 1500, 115
2, 0, 0.057, 20.3657, 8, 11, 1200, 116
2, 0, 0.0124, 20.3781, 8, 11, 1250, 116
2, 0, 0.0128, 20.3908, 8, 11, 1300, 116
2, 0, 0.0133, 20.4041, 8, 11, 1350, 116
2, 0, 0.0135, 20.4176, 8, 11, 1400, 116
2, 0, 0.0133, 20.4309, 8, 11, 1450, 116
2, 0, 0.0138, 20.4447, 8, 11, 1500, 116
2, 0, 0.0357, 20.4803, 8, 12, 1200, 117
2, 0, 0.0124, 20.4927, 8, 12, 1250, 117
2, 0, 0.0138, 20.5065, 8, 12, 1300, 117
2, 0, 0.0139, 20.5204, 8, 12, 1350, 117
2, 0, 0.0137, 20.5341, 8, 12, 1400, 117
2, 0, 0.0132, 20.5473, 8, 12, 1450, 117
2, 0, 0.0129, 20.5602, 8, 12, 1500, 117
2, 0, 0.1014, 20.6616, 8, 13, 1200, 118
2, 0, 0.0116, 20.6732, 8, 13, 1250, 118
2, 0, 0.0124, 20.6856, 8, 13, 1300, 118
2, 0, 0.013, 20.6987, 8, 13, 1350, 118
2, 0, 0.0134, 20.712, 8, 13, 1400, 118
2, 0, 0.0136, 20.7256, 8, 13, 1450, 118
2, 0, 0.0136, 20.7392, 8, 13, 1500, 118
2, 0, 0.0378, 20.777, 8, 14, 1200, 119
2, 0, 0.0133, 20.7903, 8, 14, 1250, 119
2, 0, 0.0148, 20.8051, 8, 14, 1300, 119
2, 0, 0.0144, 20.8195, 8, 14, 1350, 119
2, 0, 0.0141, 20.8336, 8, 14, 1400, 119
2, 0, 0.0143, 20.8479, 8, 14, 1450, 119
2, 0, 0.0131, 20.861, 8, 14, 1500, 119
2, 0, 0.052, 20.913, 8, 15, 1200, 120
2, 0, 0.0127, 20.9257, 8, 15, 1250, 120
2, 0, 0.0135, 20.9392, 8, 15, 1300, 120
2, 0, 0.0138, 20.953, 8, 15, 1350, 120
2, 0, 0.0163, 20.9693, 8, 15, 1400, 120
2, 0, 0.016, 20.9853, 8, 15, 1450, 120
2, 0, 0.0151, 21.0004, 8, 15, 1500, 120
2, 0.2545, 0.0229, 21.0233, 9, 1, 1200, 121
2, 0.2454, 0.0181, 21.0414, 9, 1, 1250, 121
2, 0.2367, 0.0226, 21.064, 9, 1, 1300, 121
2, 0.2286, 0.0179, 21.0819, 9, 1, 1350, 121
2, 0.2208, 0.0178, 21.0997, 9, 1, 1400, 121
2, 0.2134, 0.0218, 21.1215, 9, 1, 1450, 121
2, 0.2064, 0.022, 21.1436, 9, 1, 1500, 121
2, 0.1938, 0.0379, 21.1815, 9, 2, 1200, 122
2, 0.1864, 0.0249, 21.2064, 9, 2, 1250, 122
2, 0.1794, 0.0329, 21.2392, 9, 2, 1300, 122
2, 0.1724, 0.0449, 21.2842, 9, 2, 1350, 122
2, 0.1656, 0.028, 21.3122, 9, 2, 1400, 122
2, 0.1592, 0.0298, 21.342, 9, 2, 1450, 122
2, 0.1534, 0.0278, 21.3699, 9, 2, 1500, 122
2, 0.1983, 0.0482, 21.4181, 9, 3, 1200, 123
2, 0.1923, 0.0702, 21.4883, 9, 3, 1250, 123
3, 0.1865, 0.0667, 21.555, 9, 3, 1300, 123
2, 0.1809, 0.0636, 21.6186, 9, 3, 1350, 123
2, 0.1755, 0.0653, 21.6839, 9, 3, 1400, 123
2, 0.1703, 0.1358, 21.8197, 9, 3, 1450, 123
2, 0.1653, 0.0384, 21.8581, 9, 3, 1500, 123
102, 0.1672, 0.0982, 21.9563, 9, 4, 1200, 124
102, 0.1618, 0.0816, 22.0379, 9, 4, 1250, 124
102, 0.1564, 0.0735, 22.1114, 9, 4, 1300, 124
2, 0.1513, 0.0707, 22.1822, 9, 4, 1350, 124
3, 0.1463, 0.0546, 22.2367, 9, 4, 1400, 124
2, 0.1414, 0.061, 22.2977, 9, 4, 1450, 124
2, 0.1367, 0.0853, 22.383, 9, 4, 1500, 124
2, 0.1321, 0.1638, 22.5467, 9, 5, 1200, 125
2, 0.1278, 0.1815, 22.7282, 9, 5, 1250, 125
102, 0.1235, 0.1405, 22.8687, 9, 5, 1300, 125
102, 0.1193, 0.1479, 23.0166, 9, 5, 1350, 125
2, 0.1152, 0.1312, 23.1477, 9, 5, 1400, 125
103, 0.1112, 0.1532, 23.3009, 9, 5, 1450, 125
2, 0.1073, 0.4489, 23.7498, 9, 5, 1500, 125
2, 0.0854, 0.1719, 23.9217, 9, 6, 1200, 126
102, 0.0819, 0.1121, 24.0338, 9, 6, 1250, 126
2, 0.0785, 0.0964, 24.1302, 9, 6, 1300, 126
3, 0.0747, 0.0995, 24.2297, 9, 6, 1350, 126
102, 0.07, 0.0793, 24.3089, 9, 6, 1400, 126
2, 0.0666, 0.1095, 24.4185, 9, 6, 1450, 126
2, 0.064, 0.1037, 24.5222, 9, 6, 1500, 126
2, 0.0574, 0.1517, 24.6739, 9, 7, 1200, 127
3, 0.0525, 0.2065, 24.8804, 9, 7, 1250, 127
102, 0.0479, 0.1122, 24.9925, 9, 7, 1300, 127
2, 0.0447, 0.1472, 25.1397, 9, 7, 1350, 127
2, 0.0409, 0.1488, 25.2886, 9, 7, 1400, 127
2, 0.0359, 0.0682, 25.3568, 9, 7, 1450, 127
2, 0.0314, 0.0809, 25.4377, 9, 7, 1500, 127
102, 0.0047, 0.0529, 25.4906, 9, 8, 1200, 128
103, 0.0041, 0.0627, 25.5533, 9, 8, 1250, 128
102, 0.0036, 0.0562, 25.6095, 9, 8, 1300, 128
102, 0.0031, 0.0487, 25.6582, 9, 8, 1350, 128
102, 0.0026, 0.0651, 25.7233, 9, 8, 1400, 128
2, 0.0023, 0.0489, 25.7722, 9, 8, 1450, 128
102, 0.0019, 0.0964, 25.8686, 9, 8, 1500, 128
2, 0, 0.0411, 25.9096, 9, 9, 1200, 129
2, 0, 0.0124, 25.922, 9, 9, 1250, 129
2, 0, 0.0129, 25.935, 9, 9, 1300, 129
2, 0, 0.0129, 25.9479, 9, 9, 1350, 129
2, 0, 0.0129, 25.9607, 9, 9, 1400, 129
2, 0, 0.0131, 25.9739, 9, 9, 1450, 129
2, 0, 0.0135, 25.9874, 9, 9, 1500, 129
2, 0, 0.1262, 26.1136, 9, 10, 1200, 130
2, 0, 0.0123, 26.1259, 9, 10, 1250, 130
2, 0, 0.0135, 26.1394, 9, 10, 1300, 130
2, 0, 0.0151, 26.1545, 9, 10, 1350, 130
2, 0, 0.0151, 26.1696, 9, 10, 1400, 130
2, 0, 0.0144, 26.184, 9, 10, 1450, 130
2, 0, 0.0151, 26.1991, 9, 10, 1500, 130
2, 0, 0.0486, 26.2477, 9, 11, 1200, 131
2, 0, 0.0152, 26.2628, 9, 11, 1250, 131
2, 0, 0.015, 26.2778, 9, 11, 1300, 131
2, 0, 0.0154, 26.2932, 9, 11, 1350, 131
2, 0, 0.0157, 26.3089, 9, 11, 1400, 131
2, 0, 0.0154, 26.3242, 9, 11, 1450, 131
2, 0, 0.0148, 26.339, 9, 11, 1500, 131
2, 0, 0.0998, 26.4388, 9, 12, 1200, 132
2, 0, 0.0127, 26.4515, 9, 12, 1250, 132
2, 0, 0.0134, 26.4649, 9, 12, 1300, 132
2, 0, 0.0155, 26.4804, 9, 12, 1350, 132
2, 0, 0.0149, 26.4953, 9, 12, 1400, 132
2, 0, 0.0154, 26.5106, 9, 12, 1450, 132
2, 0, 0.0168, 26.5275, 9, 12, 1500, 132
2, 0, 0.0788, 26.6063, 9, 13, 1200, 133
2, 0, 0.0143, 26.6205, 9, 13, 1250, 133
2, 0, 0.0171, 26.6376, 9, 13, 1300, 133
2, 0, 0.0155, 26.6532, 9, 13, 1350, 133
2, 0, 0.0146, 26.6678, 9, 13, 1400, 133
2, 0, 0.0165, 26.6843, 9, 13, 1450, 133
2, 0, 0.0158, 26.7001, 9, 13, 1500, 133
2, 0, 0.1146, 26.8147, 9, 14, 1200, 134
2, 0, 0.0155, 26.8302, 9, 14, 1250, 134
2, 0, 0.0165, 26.8467, 9, 14, 1300, 134
2, 0, 0.1067, 26.9534, 9, 14, 1350, 134
2, 0, 0.0149, 26.9683, 9, 14, 1400, 134
2, 0, 0.0147, 26.9829, 9, 14, 1450, 134
2, 0, 0.0143, 26.9973, 9, 14, 1500, 134
2, 0, 0.1289, 27.1261, 9, 15, 1200, 135
2, 0, 0.0163, 27.1425, 9, 15, 1250, 135
2, 0, 0.015, 27.1574, 9, 15, 1300, 135
2, 0, 0.0155, 27.173, 9, 15, 1350, 135
2, 0, 0.0158, 27.1888, 9, 15, 1400, 135
2, 0, 0.0158, 27.2046, 9, 15, 1450, 135
2, 0, 0.0175, 27.2221, 9, 15, 1500, 135
2, 0.2371, 0.0261, 27.2483, 10, 1, 1200, 136
2, 0.2287, 0.0202, 27.2684, 10, 1, 1250, 136
2, 0.2207, 0.0208, 27.2893, 10, 1, 1300, 136
2, 0.2131, 0.0232, 27.3125, 10, 1, 1350, 136
2, 0.206, 0.0272, 27.3397, 10, 1, 1400, 136
2, 0.1991, 0.0184, 27.3582, 10, 1, 1450, 136
2, 0.1926, 0.021, 27.3791, 10, 1, 1500, 136
2, 0.2216, 0.0353, 27.4144, 10, 2, 1200, 137
2, 0.2142, 0.0422, 27.4566, 10, 2, 1250, 137
2, 0.2071, 0.0338, 27.4903, 10, 2, 1300, 137
2, 0.2003, 0.0397, 27.5301, 10, 2, 1350, 137
2, 0.1938, 0.0459, 27.576, 10, 2, 1400, 137
2, 0.188, 0.0303, 27.6062, 10, 2, 1450, 137
2, 0.1822, 0.0277, 27.634, 10, 2, 1500, 137
2, 0.1823, 0.1217, 27.7557, 10, 3, 1200, 138
2, 0.1757, 0.0588, 27.8145, 10, 3, 1250, 138
2, 0.1694, 0.065, 27.8795, 10, 3, 1300, 138
2, 0.1634, 0.1149, 27.9944, 10, 3, 1350, 138
2, 0.1576, 0.1606, 28.155, 10, 3, 1400, 138
2, 0.152, 0.0507, 28.2057, 10, 3, 1450, 138
2, 0.1466, 0.0718, 28.2775, 10, 3, 1500, 138
2, 0.1776, 0.1666, 28.444, 10, 4, 1200, 139
2, 0.1722, 0.1192, 28.5632, 10, 4, 1250, 139
2, 0.1669, 0.166, 28.7293, 10, 4, 1300, 139
2, 0.1618, 0.1793, 28.9086, 10, 4, 1350, 139
2, 0.1568, 0.2681, 29.1768, 10, 4, 1400, 139
2, 0.152, 0.1172, 29.294, 10, 4, 1450, 139
102, 0.1473, 0.2683, 29.5622, 10, 4, 1500, 139
2, 0.1548, 0.2348, 29.7971, 10, 5, 1200, 140
103, 0.1505, 0.6659, 30.463, 10, 5, 1250, 140
102, 0.1463, 0.5935, 31.0565, 10, 5, 1300, 140
3, 0.1421, 0.3515, 31.408, 10, 5, 1350, 140
2, 0.1379, 0.3333, 31.7413, 10, 5, 1400, 140
2, 0.1337, 0.3481, 32.0894, 10, 5, 1450, 140
3, 0.1297, 0.3662, 32.4556, 10, 5, 1500, 140
2, 0.1096, 0.8447, 33.3003, 10, 6, 1200, 141
2, 0.1059, 0.8721, 34.1725, 10, 6, 1250, 141
3, 0.1023, 0.8109, 34.9834, 10, 6, 1300, 141
103, 0.0987, 0.8651, 35.8485, 10, 6, 1350, 141
102, 0.0949, 0.7995, 36.648, 10, 6, 1400, 141
102, 0.0911, 0.5468, 37.1948, 10, 6, 1450, 141
3, 0.0874, 0.5478, 37.7425, 10, 6, 1500, 141
2, 0.0889, 0.7919, 38.5344, 10, 7, 1200, 142
102, 0.0837, 0.6014, 39.1358, 10, 7, 1250, 142
2, 0.0787, 0.2705, 39.4063, 10, 7, 1300, 142
2, 0.0737, 0.3576, 39.7639, 10, 7, 1350, 142
2, 0.0687, 0.205, 39.9689, 10, 7, 1400, 142
3, 0.0636, 0.2856, 40.2545, 10, 7, 1450, 142
2, 0.0597, 0.2435, 40.4979, 10, 7, 1500, 142
2, 0.0355, 0.4067, 40.9046, 10, 8, 1200, 143
2, 0.029, 0.3361, 41.2407, 10, 8, 1250, 143
2, 0.0247, 0.1246, 41.3653, 10, 8, 1300, 143
2, 0.0207, 0.1241, 41.4894, 10, 8, 1350, 143
102, 0.0172, 0.2493, 41.7387, 10, 8, 1400, 143
2, 0.0152, 0.2316, 41.9704, 10, 8, 1450, 143
102, 0.0137, 0.154, 42.1244, 10, 8, 1500, 143
2, 0, 0.0367, 42.1611, 10, 9, 1200, 144
2, 0, 0.0117, 42.1728, 10, 9, 1250, 144
2, 0, 0.0125, 42.1853, 10, 9, 1300, 144
2, 0, 0.0129, 42.1982, 10, 9, 1350, 144
2, 0, 0.0131, 42.2113, 10, 9, 1400, 144
2, 0, 0.0392, 42.2505, 10, 9, 1450, 144
2, 0, 0.0125, 42.263, 10, 9, 1500, 144
2, 0, 0.0884, 42.3513, 10, 10, 1200, 145
2, 0, 0.0128, 42.3642, 10, 10, 1250, 145
2, 0, 0.0129, 42.3771, 10, 10, 1300, 145
2, 0, 0.0129, 42.3899, 10, 10, 1350, 145
2, 0, 0.0133, 42.4032, 10, 10, 1400, 145
2, 0, 0.0136, 42.4168, 10, 10, 1450, 145
2, 0, 0.0136, 42.4304, 10, 10, 1500, 145
102, 0.0046, 4.0496, 46.48, 10, 11, 1200, 146
102, 0.0041, 3.4985, 49.9785, 10, 11, 1250, 146
102, 0.0036, 3.8354, 53.8139, 10, 11, 1300, 146
102, 0.0032, 5.7636, 59.5775, 10, 11, 1350, 146
102, 0.0027, 4.2045, 63.782, 10, 11, 1400, 146
2, 0.0023, 3.7525, 67.5345, 10, 11, 1450, 146
102, 0.0019, 3.2993, 70.8339, 10, 11, 1500, 146
2, 0, 0.1529, 70.9868, 10, 12, 1200, 147
2, 0, 0.0128, 70.9996, 10, 12, 1250, 147
2, 0, 0.0138, 71.0134, 10, 12, 1300, 147
2, 0, 0.0143, 71.0277, 10, 12, 1350, 147
2, 0, 0.0145, 71.0422, 10, 12, 1400, 147
2, 0, 0.0146, 71.0568, 10, 12, 1450, 147
2, 0, 0.0144, 71.0712, 10, 12, 1500, 147
3, 0.0013, 42.0924, 113.1636, 10, 13, 1200, 148
103, 0.0007, 54.7946, 167.9582, 10, 13, 1250, 148
103, 0.0001, 40.3675, 208.3257, 10, 13, 1300, 148
2, 0, 0.0157, 208.3414, 10, 13, 1350, 148
2, 0, 0.0157, 208.3571, 10, 13, 1400, 148
2, 0, 0.016, 208.3732, 10, 13, 1450, 148
2, 0, 0.0156, 208.3887, 10, 13, 1500, 148
2, 0, 0.1902, 208.5789, 10, 14, 1200, 149
2, 0, 0.0201, 208.599, 10, 14, 1250, 149
2, 0, 0.0171, 208.6161, 10, 14, 1300, 149
2, 0, 0.0175, 208.6336, 10, 14, 1350, 149
2, 0, 0.0157, 208.6492, 10, 14, 1400, 149
2, 0, 0.0157, 208.665, 10, 14, 1450, 149
2, 0, 0.0152, 208.6802, 10, 14, 1500, 149
2, 0, 6.3037, 214.9839, 10, 15, 1200, 150
2, 0, 0.0162, 215.0001, 10, 15, 1250, 150
2, 0, 0.0164, 215.0165, 10, 15, 1300, 150
2, 0, 0.0173, 215.0338, 10, 15, 1350, 150
2, 0, 0.0175, 215.0513, 10, 15, 1400, 150
2, 0, 0.0179, 215.0692, 10, 15, 1450, 150
2, 0, 0.0184, 215.0876, 10, 15, 1500, 150
2, 0.2241, 0.0911, 215.1787, 11, 1, 1200, 151
2, 0.2136, 0.0198, 215.1986, 11, 1, 1250, 151
2, 0.2053, 0.0253, 215.2238, 11, 1, 1300, 151
2, 0.1977, 0.0195, 215.2433, 11, 1, 1350, 151
2, 0.1908, 0.019, 215.2623, 11, 1, 1400, 151
2, 0.1842, 0.0195, 215.2818, 11, 1, 1450, 151
2, 0.1779, 0.0192, 215.301, 11, 1, 1500, 151
2, 0.2454, 0.0316, 215.3326, 11, 2, 1200, 152
2, 0.2368, 0.0311, 215.3637, 11, 2, 1250, 152
2, 0.2286, 0.0361, 215.3998, 11, 2, 1300, 152
2, 0.2206, 0.0313, 215.4311, 11, 2, 1350, 152
2, 0.2131, 0.0334, 215.4645, 11, 2, 1400, 152
2, 0.2058, 0.0739, 215.5384, 11, 2, 1450, 152
2, 0.1992, 0.0447, 215.5831, 11, 2, 1500, 152
2, 0.2158, 0.1278, 215.7109, 11, 3, 1200, 153
102, 0.2098, 0.0798, 215.7907, 11, 3, 1250, 153
2, 0.204, 0.05, 215.8407, 11, 3, 1300, 153
2, 0.1988, 0.0821, 215.9229, 11, 3, 1350, 153
2, 0.1939, 0.0764, 215.9993, 11, 3, 1400, 153
2, 0.1888, 0.0676, 216.0669, 11, 3, 1450, 153
102, 0.1837, 0.0839, 216.1508, 11, 3, 1500, 153
2, 0.1908, 0.1827, 216.3335, 11, 4, 1200, 154
102, 0.1862, 0.1517, 216.4852, 11, 4, 1250, 154
103, 0.1818, 0.1568, 216.642, 11, 4, 1300, 154
102, 0.1774, 0.1944, 216.8364, 11, 4, 1350, 154
102, 0.1732, 0.238, 217.0744, 11, 4, 1400, 154
3, 0.1691, 0.1797, 217.2541, 11, 4, 1450, 154
3, 0.165, 0.1763, 217.4305, 11, 4, 1500, 154
3, 0.1611, 0.5669, 217.9974, 11, 5, 1200, 155
103, 0.157, 0.6451, 218.6425, 11, 5, 1250, 155
102, 0.153, 0.6852, 219.3277, 11, 5, 1300, 155
2, 0.1491, 0.5398, 219.8675, 11, 5, 1350, 155
2, 0.1452, 0.6802, 220.5477, 11, 5, 1400, 155
102, 0.1415, 0.5791, 221.1268, 11, 5, 1450, 155
2, 0.1378, 0.6025, 221.7293, 11, 5, 1500, 155
3, 0.1019, 0.7289, 222.4582, 11, 6, 1200, 156
2, 0.098, 0.3939, 222.8521, 11, 6, 1250, 156
102, 0.0941, 0.5375, 223.3895, 11, 6, 1300, 156
102, 0.0904, 0.917, 224.3065, 11, 6, 1350, 156
2, 0.0868, 0.7932, 225.0997, 11, 6, 1400, 156
2, 0.0833, 0.3073, 225.407, 11, 6, 1450, 156
2, 0.0798, 0.2715, 225.6784, 11, 6, 1500, 156
3, 0.0998, 2.5142, 228.1926, 11, 7, 1200, 157
3, 0.0958, 2.5024, 230.6951, 11, 7, 1250, 157
3, 0.092, 2.5007, 233.1957, 11, 7, 1300, 157
3, 0.0883, 2.4184, 235.6141, 11, 7, 1350, 157
3, 0.0846, 1.6545, 237.2686, 11, 7, 1400, 157
3, 0.081, 1.9459, 239.2145, 11, 7, 1450, 157
3, 0.0775, 1.4827, 240.6972, 11, 7, 1500, 157
3, 0.0859, 6.9245, 247.6217, 11, 8, 1200, 158
3, 0.0819, 5.3166, 252.9382, 11, 8, 1250, 158
103, 0.0776, 4.8092, 257.7474, 11, 8, 1300, 158
3, 0.0735, 5.038, 262.7854, 11, 8, 1350, 158
103, 0.0692, 3.5163, 266.3018, 11, 8, 1400, 158
3, 0.0646, 2.7826, 269.0843, 11, 8, 1450, 158
3, 0.0601, 2.1494, 271.2337, 11, 8, 1500, 158
102, 0.0309, 0.7884, 272.0221, 11, 9, 1200, 159
103, 0.0264, 0.4027, 272.4248, 11, 9, 1250, 159
2, 0.022, 0.3559, 272.7807, 11, 9, 1300, 159
2, 0.0184, 0.284, 273.0647, 11, 9, 1350, 159
2, 0.0142, 0.1384, 273.2031, 11, 9, 1400, 159
2, 0.0099, 0.1454, 273.3485, 11, 9, 1450, 159
102, 0.0072, 0.1569, 273.5053, 11, 9, 1500, 159
2, 0, 0.0648, 273.5702, 11, 10, 1200, 160
2, 0, 0.0354, 273.6056, 11, 10, 1250, 160
2, 0, 0.0168, 273.6224, 11, 10, 1300, 160
2, 0, 0.0236, 273.646, 11, 10, 1350, 160
2, 0, 0.0162, 273.6622, 11, 10, 1400, 160
2, 0, 0.0256, 273.6878, 11, 10, 1450, 160
2, 0, 0.016, 273.7038, 11, 10, 1500, 160
2, 0, 0.0395, 273.7433, 11, 11, 1200, 161
2, 0, 0.0433, 273.7866, 11, 11, 1250, 161
2, 0, 0.0345, 273.8211, 11, 11, 1300, 161
2, 0, 0.0162, 273.8374, 11, 11, 1350, 161
2, 0, 0.0251, 273.8625, 11, 11, 1400, 161
2, 0, 0.0157, 273.8782, 11, 11, 1450, 161
2, 0, 0.0253, 273.9035, 11, 11, 1500, 161
2, 0, 0.2584, 274.1619, 11, 12, 1200, 162
2, 0, 0.0268, 274.1887, 11, 12, 1250, 162
2, 0, 0.0643, 274.253, 11, 12, 1300, 162
2, 0, 0.0272, 274.2802, 11, 12, 1350, 162
2, 0, 0.0179, 274.2981, 11, 12, 1400, 162
2, 0, 0.0242, 274.3223, 11, 12, 1450, 162
2, 0, 0.0178, 274.3401, 11, 12, 1500, 162
3, 0.0066, 91.2633, 365.6034, 11, 13, 1200, 163
103, 0.0061, 111.1914, 476.7948, 11, 13, 1250, 163
103, 0.0056, 77.9558, 554.7506, 11, 13, 1300, 163
103, 0.0052, 62.0803, 616.8309, 11, 13, 1350, 163
103, 0.0047, 45.3088, 662.1397, 11, 13, 1400, 163
103, 0.0043, 118.0205, 780.1601, 11, 13, 1450, 163
103, 0.0039, 121.1787, 901.3388, 11, 13, 1500, 163
2, 0, 14.8858, 916.2246, 11, 14, 1200, 164
2, 0, 0.0168, 916.2414, 11, 14, 1250, 164
2, 0, 0.0163, 916.2577, 11, 14, 1300, 164
2, 0, 0.0164, 916.2741, 11, 14, 1350, 164
2, 0, 0.0163, 916.2904, 11, 14, 1400, 164
2, 0, 0.0164, 916.3068, 11, 14, 1450, 164
2, 0, 0.0168, 916.3236, 11, 14, 1500, 164
422, 0.0002, 300.6928, 1217.0164, 11, 15, 1200, 165
2, 0, 0.0363, 1217.0528, 11, 15, 1250, 165
2, 0, 0.0183, 1217.0711, 11, 15, 1300, 165
2, 0, 0.0199, 1217.091, 11, 15, 1350, 165
2, 0, 0.0187, 1217.1097, 11, 15, 1400, 165
2, 0, 0.022, 1217.1317, 11, 15, 1450, 165
2, 0, 0.0197, 1217.1514, 11, 15, 1500, 165
2, 0.2672, 0.0225, 1217.1739, 12, 1, 1200, 166
2, 0.2575, 0.0219, 1217.1958, 12, 1, 1250, 166
2, 0.2484, 0.0239, 1217.2196, 12, 1, 1300, 166
2, 0.24, 0.0241, 1217.2438, 12, 1, 1350, 166
2, 0.2322, 0.0224, 1217.2662, 12, 1, 1400, 166
2, 0.2248, 0.0222, 1217.2884, 12, 1, 1450, 166
2, 0.2178, 0.0235, 1217.3118, 12, 1, 1500, 166
2, 0.2301, 0.0512, 1217.363, 12, 2, 1200, 167
2, 0.2223, 0.0573, 1217.4203, 12, 2, 1250, 167
2, 0.2152, 0.0488, 1217.4691, 12, 2, 1300, 167
3, 0.2084, 0.0738, 1217.5429, 12, 2, 1350, 167
2, 0.2022, 0.0365, 1217.5794, 12, 2, 1400, 167
2, 0.1962, 0.0436, 1217.623, 12, 2, 1450, 167
2, 0.1905, 0.0417, 1217.6647, 12, 2, 1500, 167
2, 0.224, 0.0636, 1217.7283, 12, 3, 1200, 168
2, 0.2174, 0.078, 1217.8062, 12, 3, 1250, 168
102, 0.2111, 0.0565, 1217.8627, 12, 3, 1300, 168
2, 0.205, 0.0886, 1217.9513, 12, 3, 1350, 168
2, 0.1994, 0.057, 1218.0083, 12, 3, 1400, 168
2, 0.194, 0.0865, 1218.0948, 12, 3, 1450, 168
2, 0.1888, 0.0556, 1218.1504, 12, 3, 1500, 168
102, 0.2009, 0.1903, 1218.3407, 12, 4, 1200, 169
2, 0.196, 0.1778, 1218.5185, 12, 4, 1250, 169
3, 0.1912, 0.2092, 1218.7277, 12, 4, 1300, 169
103, 0.1866, 0.2251, 1218.9528, 12, 4, 1350, 169
3, 0.1821, 0.2149, 1219.1678, 12, 4, 1400, 169
2, 0.1777, 0.2013, 1219.369, 12, 4, 1450, 169
3, 0.1735, 0.2443, 1219.6134, 12, 4, 1500, 169
103, 0.143, 0.8957, 1220.509, 12, 5, 1200, 170
102, 0.1392, 0.8227, 1221.3318, 12, 5, 1250, 170
3, 0.1355, 1.1059, 1222.4377, 12, 5, 1300, 170
3, 0.1318, 1.3502, 1223.7879, 12, 5, 1350, 170
3, 0.1282, 1.0537, 1224.8416, 12, 5, 1400, 170
3, 0.1248, 1.0062, 1225.8477, 12, 5, 1450, 170
103, 0.1215, 1.1659, 1227.0136, 12, 5, 1500, 170
3, 0.1447, 4.3758, 1231.3894, 12, 6, 1200, 171
103, 0.141, 3.3733, 1234.7626, 12, 6, 1250, 171
3, 0.1374, 3.9197, 1238.6824, 12, 6, 1300, 171
103, 0.1339, 3.5948, 1242.2771, 12, 6, 1350, 171
103, 0.1305, 3.5894, 1245.8665, 12, 6, 1400, 171
103, 0.1272, 3.1836, 1249.0501, 12, 6, 1450, 171
103, 0.1239, 3.6599, 1252.71, 12, 6, 1500, 171
3, 0.1302, 24.5242, 1277.2341, 12, 7, 1200, 172
103, 0.1271, 23.7287, 1300.9628, 12, 7, 1250, 172
3, 0.124, 23.9838, 1324.9467, 12, 7, 1300, 172
3, 0.121, 24.1259, 1349.0726, 12, 7, 1350, 172
3, 0.118, 23.7002, 1372.7729, 12, 7, 1400, 172
3, 0.1151, 26.8157, 1399.5886, 12, 7, 1450, 172
3, 0.1123, 27.2869, 1426.8755, 12, 7, 1500, 172
103, 0.0937, 51.4547, 1478.3302, 12, 8, 1200, 173
103, 0.0905, 48.0762, 1526.4064, 12, 8, 1250, 173
3, 0.0874, 38.9035, 1565.3099, 12, 8, 1300, 173
3, 0.0843, 41.6708, 1606.9807, 12, 8, 1350, 173
3, 0.0812, 35.4513, 1642.432, 12, 8, 1400, 173
3, 0.0782, 36.3106, 1678.7427, 12, 8, 1450, 173
103, 0.0751, 33.909, 1712.6517, 12, 8, 1500, 173
3, 0.0625, 23.856, 1736.5076, 12, 9, 1200, 174
103, 0.0586, 23.1886, 1759.6963, 12, 9, 1250, 174
3, 0.0547, 16.17, 1775.8663, 12, 9, 1300, 174
103, 0.051, 15.5658, 1791.4321, 12, 9, 1350, 174
3, 0.0473, 10.8113, 1802.2434, 12, 9, 1400, 174
3, 0.0436, 7.2118, 1809.4552, 12, 9, 1450, 174
3, 0.0401, 6.5957, 1816.0509, 12, 9, 1500, 174
3, 0.0277, 2.6437, 1818.6946, 12, 10, 1200, 175
2, 0.0229, 0.8555, 1819.5501, 12, 10, 1250, 175
3, 0.0181, 0.3463, 1819.8964, 12, 10, 1300, 175
102, 0.0134, 0.3233, 1820.2197, 12, 10, 1350, 175
102, 0.0096, 0.1079, 1820.3276, 12, 10, 1400, 175
2, 0.0072, 0.1421, 1820.4698, 12, 10, 1450, 175
102, 0.0055, 0.1191, 1820.5888, 12, 10, 1500, 175
2, 0.0043, 0.2641, 1820.8529, 12, 11, 1200, 176
102, 0.0039, 0.3521, 1821.205, 12, 11, 1250, 176
102, 0.0035, 0.345, 1821.55, 12, 11, 1300, 176
2, 0.0032, 0.2091, 1821.7591, 12, 11, 1350, 176
102, 0.0028, 0.3911, 1822.1502, 12, 11, 1400, 176
2, 0.0025, 0.3638, 1822.514, 12, 11, 1450, 176
2, 0.0022, 0.6561, 1823.17, 12, 11, 1500, 176
2, 0, 0.0814, 1823.2515, 12, 12, 1200, 177
2, 0, 0.0168, 1823.2683, 12, 12, 1250, 177
2, 0, 0.0346, 1823.3029, 12, 12, 1300, 177
2, 0, 0.0175, 1823.3204, 12, 12, 1350, 177
2, 0, 0.0226, 1823.343, 12, 12, 1400, 177
2, 0, 0.0178, 1823.3608, 12, 12, 1450, 177
2, 0, 0.0229, 1823.3837, 12, 12, 1500, 177
